20
-66 -19 12 53 47 35 4 -50 57 -57 -10 68 -82 66 -45 25 79 77 -50 -31 
99 -48 42 -86 -23 19 -64 -1 -78 -82 1 43 -82 -29 -45 -66 -61 23 -32 -42 
56 4 30 51 -91 83 -64 15 68 -10 -18 -34 22 75 12 70 51 10 -72 53 
-49 85 49 23 -25 -89 5 -63 -40 39 -47 83 -59 56 33 -59 50 36 -58 -4 
-77 40 -73 49 22 -19 -75 -43 36 92 -29 -27 -84 -18 -16 13 30 60 -31 -75 
-99 34 19 -36 21 100 -28 84 -24 95 66 -23 -23 89 -11 -65 -56 -15 95 -8 
-71 8 -48 26 -72 -65 -23 91 31 90 -48 -95 -12 57 80 -100 -55 -43 -42 -92 
40 81 44 63 70 -82 -62 -30 35 32 -77 -83 43 -77 42 0 75 -93 11 -12 
-20 -97 -71 49 -24 -56 -39 12 74 27 -73 -20 -3 48 27 14 67 26 13 -58 
19 18 34 -46 19 -97 -68 -88 -32 -63 30 24 -59 79 10 12 36 0 -1 -35 
-39 74 -71 47 -34 -99 80 -38 90 100 7 -51 61 -19 52 -13 -83 82 -100 29 
36 13 -89 -48 22 51 -95 -82 97 -61 22 27 -98 -59 7 1 -12 85 75 -48 
-27 -9 37 59 -24 66 -26 64 13 19 85 73 20 -47 59 11 -52 -12 40 46 
10 74 87 41 81 78 -30 -66 15 73 -50 -4 49 29 -29 -61 7 -35 67 -93 
27 38 -84 50 -24 -69 -97 20 -63 70 41 -27 -69 13 99 64 -2 3 89 -94 
-74 80 -51 -69 93 70 -41 3 32 -85 9 48 -77 81 -3 26 -7 -75 -58 99 
16 -100 27 46 -33 -76 -88 90 96 -96 -22 31 -42 -83 15 41 -86 52 99 83 
-26 22 -90 74 98 64 -57 -24 -77 -34 25 -61 55 0 19 -3 56 -27 -88 -12 
-77 34 96 52 -81 52 15 -54 6 -100 -37 89 99 -41 -33 91 -98 19 52 -75 
67 28 89 35 97 -89 35 -21 25 -1 -22 -37 59 60 0 -8 97 -81 -80 76 
