40
66 -79 85 -44 4 -89 80 1 49 -84 -79 8 59 69 96 -13 12 -86 -55 97 45 82 97 -39 64 -80 -71 68 5 4 4 -29 2 75 40 30 13 -18 -36 -17 
-21 -42 79 53 42 -91 -79 -59 -77 40 -21 97 -72 -70 -38 -21 4 73 36 -18 8 46 -55 84 -39 -48 4 76 -28 -63 -54 73 1 60 63 43 -91 -28 -90 98 
-55 40 93 43 88 -57 51 -24 93 56 -66 59 -74 3 -95 -61 98 65 -26 -50 86 9 -34 55 38 -61 20 8 58 -56 -63 28 -50 34 -37 -76 32 68 -48 -34 
25 -12 -78 100 10 -75 -50 32 -57 29 -19 1 85 0 -67 7 -83 -16 69 31 -4 -21 -28 -51 40 32 -19 45 -10 84 69 -58 -86 72 50 -85 -7 39 71 72 
38 -6 -60 -74 67 49 0 -59 26 91 10 -26 -100 -49 -85 28 55 -12 -93 56 39 -90 100 5 -1 -33 -94 47 -19 69 -79 23 -66 -15 87 13 -96 44 -34 -17 
-56 24 -13 -20 -23 85 46 -65 -63 -48 12 -65 -41 99 -79 -73 -42 40 30 65 62 -18 -18 -5 63 -45 -36 98 -48 -47 -60 80 83 -94 -61 -19 3 -16 -65 58 
97 25 -22 -15 -24 55 -44 -74 21 -89 -83 -20 84 -61 -14 -57 91 31 -85 -83 -46 -11 72 53 11 57 -72 -74 -40 -57 -64 56 -42 -28 88 -25 14 -62 -20 9 
79 -82 -67 37 52 -44 -45 -35 24 -80 -15 32 -78 66 82 77 80 59 13 23 57 92 -94 -92 -69 12 -39 -6 74 -36 -73 -60 25 89 -17 -39 -29 -88 47 3 
37 1 -55 32 68 -69 27 -32 -88 -52 92 -46 13 45 -67 -79 38 51 -24 -91 -89 41 66 -60 42 -87 93 44 -22 -1 26 -96 22 -8 -66 -60 74 79 61 44 
-5 -80 -79 -23 -54 28 -18 39 31 42 0 74 -5 62 -29 27 -35 -6 -18 82 -50 75 51 -91 -45 10 -25 -62 -29 68 -31 -58 -28 -14 -76 78 89 29 16 -100 
47 -80 23 -60 -31 -23 -46 98 86 100 99 98 34 -44 -3 92 -39 6 -35 -86 -53 -79 -96 59 -36 88 96 -13 12 -86 -55 97 -95 46 49 32 -34 -21 -50 50 
25 4 25 60 12 57 49 13 -12 33 40 -74 79 100 -60 -29 95 -3 -46 5 -21 97 -72 -57 84 -99 52 4 73 -80 -9 -35 8 -100 -57 24 98 93 -15 -16 
14 -54 -53 24 -68 20 4 -43 -74 -58 -61 -22 -50 13 93 -39 92 -57 46 33 -91 56 -66 -27 26 86 28 54 87 0 65 -26 -50 86 9 -34 55 -53 -61 20 
8 58 -56 -99 6 -50 85 -92 19 13 32 -30 -5 20 -36 -96 19 100 10 23 -31 73 -94 -29 -80 -56 91 85 0 -67 7 95 -83 -16 69 31 -4 -21 -54 -75 
-6 -64 8 -19 45 -34 19 -38 -83 -38 72 -75 -54 -19 -40 72 72 -10 -4 -45 62 -94 -2 93 -99 -96 27 10 -26 -100 30 28 55 -12 -93 56 74 -90 100 5 
22 31 -60 -31 -23 40 -91 86 100 99 -79 -27 65 -44 -3 -39 6 -35 -86 -53 28 8 -36 88 88 58 -70 -88 21 -68 45 82 46 49 32 -80 -71 68 5 63 
4 -29 -38 12 57 49 -45 29 -12 33 -17 -21 -42 79 100 -60 -29 95 -3 -46 5 99 10 3 -57 84 -99 52 -60 -92 -9 -18 -47 -41 46 -55 24 -39 -48 4 
76 14 -54 -53 24 1 60 63 43 -91 -28 -90 98 -55 40 60 43 74 -57 51 -24 -91 -61 89 26 86 28 54 87 0 -51 38 -64 31 22 -38 38 -68 98 -9 
-34 -18 23 -63 -22 85 17 -37 -76 -86 -24 -30 -48 -34 25 -12 63 19 47 23 -31 73 -94 -29 -80 1 -97 -4 -48 95 -61 69 31 6 73 1 80 -6 -64 8 
18 -10 84 19 -38 -83 -38 50 -75 -54 -19 -40 -14 38 -10 -4 -45 -93 -94 -2 93 -99 -96 27 32 -81 -49 30 -10 -23 15 -91 -2 -14 72 -40 49 -88 -1 -24 
66 -79 34 -3 -44 4 -89 80 1 49 -84 -79 28 59 69 96 -13 12 -86 -55 97 45 82 97 -39 64 -80 -71 68 5 4 4 -29 2 75 40 30 13 -18 -36 
-17 -21 -42 79 53 42 -91 -79 -59 -77 40 -21 97 -72 -70 -38 -21 4 73 36 -18 8 46 -55 84 -39 -48 4 76 -28 -63 -54 73 1 60 63 43 -91 -28 -90 
98 -55 40 93 43 88 -57 51 -24 93 56 -66 59 -74 3 -95 -61 98 65 -26 -50 86 9 -34 55 38 -61 20 8 58 -56 -63 28 -50 34 -37 -76 32 68 -48 
-34 25 -12 -78 100 10 -75 -50 32 -57 29 -19 1 85 0 -67 7 -83 -16 69 31 -4 -21 -28 -51 40 32 -19 45 -10 84 69 -58 -86 72 50 -85 -7 39 71 
72 38 -6 -60 -74 67 49 0 -59 26 91 10 -26 -100 -49 -85 28 55 -12 -93 56 39 -90 100 5 -1 -33 -94 47 -19 69 -79 23 -66 19 31 13 -96 44 -34 
-88 -24 -94 -78 -31 -17 0 -79 55 -66 18 80 -57 60 -25 44 16 -71 -17 79 -63 -80 23 -69 80 73 -51 25 -72 -49 -98 37 -86 90 -46 35 100 90 9 -42 
-56 90 90 66 -43 92 27 -63 86 -58 68 -65 -63 -48 12 -65 -41 99 -79 -73 -42 40 30 65 -26 27 -18 -18 57 -83 67 -45 -36 98 -12 -76 -44 -14 -6 20 
43 -78 62 64 64 14 10 97 25 -22 -72 -6 63 -47 34 89 9 99 99 91 -52 -61 64 -67 11 91 -36 49 13 -83 -46 -11 72 53 11 29 11 60 73 -74 
80 -75 87 68 93 -2 70 77 79 -36 -20 9 27 -7 75 -67 47 15 -71 -54 42 -35 69 15 42 -15 -59 32 -46 -78 60 -59 -46 -78 60 2 -77 -15 -16 76 
86 -55 57 92 -94 -65 -54 9 35 -43 -6 61 62 -83 49 -60 25 89 -4 -28 -39 -29 -88 47 -90 -66 -3 1 -55 -69 -56 68 24 32 -32 42 20 -15 -45 -41 
-35 -80 23 -60 -31 -23 -46 98 86 100 99 98 34 65 -69 4 -19 -39 6 -35 -86 -53 -79 -96 59 69 88 96 -13 12 -86 -55 97 -95 46 49 32 -34 -21 -50 
50 25 4 25 60 12 57 49 -45 -18 33 40 -74 79 100 -60 -29 95 -3 -46 5 -21 97 -72 -57 84 -99 52 4 73 36 3 -35 8 -100 -57 24 98 93 -15 
76 -54 -53 24 -68 20 4 -43 -74 -58 -61 -22 -50 -55 93 -39 92 -57 46 33 -91 56 -66 -27 26 86 28 54 87 0 65 -26 38 86 9 -34 55 -53 -61 20 
8 58 -56 -99 6 -50 85 -92 19 13 32 -30 -5 20 -36 -96 19 100 10 23 -31 73 -94 -29 -80 -56 91 85 0 -67 7 95 -83 -16 69 31 -4 -21 -54 -75 
-6 -64 8 -19 45 -34 19 -38 -83 -38 72 -75 -54 -19 39 -14 72 -10 -4 -45 62 -94 -2 93 -99 -96 27 10 -26 -100 30 28 55 -12 -93 56 74 -90 100 5 
-27 33 -73 -67 43 40 -91 66 12 55 -27 85 65 94 -3 -89 80 1 49 -84 -53 28 8 59 69 88 58 -70 -88 21 -68 97 45 -4 97 -39 64 -21 -50 50 
25 -3 25 60 2 75 40 30 29 -36 -20 40 -74 90 -80 53 42 -91 -79 -3 -46 -77 40 10 97 -72 -70 -38 -21 52 -60 -92 36 -18 -47 -41 -57 -55 84 93 
-15 -16 14 -28 -63 -54 73 20 4 -43 -74 -58 -61 -22 -50 -55 40 -39 92 74 66 46 93 98 -61 89 59 -74 3 -95 -61 98 0 -51 38 86 9 -38 55 -53 
98 -9 8 58 -56 -99 6 -22 -50 34 -92 19 13 32 68 -30 -5 20 -36 -96 -78 -52 47 10 -75 -50 32 -57 -29 -80 -56 91 85 -4 -48 7 95 -61 38 36 
6 73 1 80 -51 40 -64 8 18 -86 -34 84 69 -38 -86 -38 72 50 -85 -7 -19 71 -14 38 -6 -60 -45 62 67 49 0 -59 -99 91 27 10 -26 -100 -49 30 
