100
31 -96 -4 -7 -42 74 1 26 -22 34 -51 -18 57 50 41 -93 21 11 34 -86 -35 87 49 -48 60 78 8 -31 -77 22 74 92 46 -89 60 33 13 21 83 -39 9 88 -28 23 -28 47 -20 -86 -39 62 7 -58 -82 -28 -45 38 12 66 -53 -32 -56 -15 -30 -12 -50 79 84 49 -85 -97 -11 -10 97 -78 -3 -9 88 -89 38 -76 43 35 -16 68 23 -1 35 86 -13 -57 -47 8 22 8 90 -72 -61 63 -46 88 
-16 -50 99 13 80 71 -24 -67 82 -24 -82 -34 80 -4 -48 -46 -33 -92 -62 61 -76 -53 -26 -25 52 38 -52 16 17 -33 77 -39 32 -83 -2 -92 -24 -4 -86 35 57 26 -58 20 33 -61 83 4 -30 -42 65 60 24 -4 65 73 58 -54 -14 -39 68 -69 86 56 -100 71 38 -94 24 -97 3 -43 16 -45 -67 92 100 -26 -94 -15 -72 20 -11 48 -15 -81 65 -44 -76 -33 -16 71 98 -65 5 -74 58 82 -16 99 
-7 56 -4 -17 -27 -58 -14 90 78 -76 -93 -84 35 25 66 -99 -97 31 -28 -29 -13 27 24 52 86 -14 -51 -67 -14 80 -83 66 -1 -34 -30 -96 -60 69 31 -70 -17 22 -23 2 -89 -91 51 75 31 -100 -49 -40 -37 32 78 38 -47 29 62 -63 57 30 29 11 -59 -50 -5 -45 14 8 2 54 6 -49 80 39 -96 -26 34 -86 2 87 94 90 -91 -80 -52 59 -39 -82 50 -94 0 -55 -57 -60 -34 44 47 -37 
-57 -73 12 91 -92 -56 40 70 45 51 63 26 6 69 -35 20 22 -90 -99 -66 75 87 -37 -51 -21 -21 -89 89 52 -48 67 48 -94 70 3 -42 29 -92 -44 87 82 49 81 -83 69 38 62 42 -45 12 -18 -97 1 -2 -51 52 -20 -81 76 -69 89 77 50 77 -74 -38 92 -98 -93 -86 18 59 38 -71 30 0 -3 42 -8 45 -2 -21 58 4 8 61 68 25 -73 19 37 19 25 -63 -19 -47 27 38 -50 -20 
-46 -44 -50 -27 -46 -54 -40 -12 -20 89 52 -4 -3 79 59 -27 -94 17 75 38 -98 63 -49 -72 -57 15 74 85 -4 61 -59 -14 24 -80 -12 -16 -91 -64 -50 13 8 -33 30 42 14 -5 95 -95 26 -26 43 70 -16 -16 62 -52 -21 -81 -20 98 -90 -2 -9 15 -24 99 -77 -54 -29 -77 -58 61 -65 98 -26 93 -32 -54 -80 -89 47 -41 86 -85 -69 -26 73 94 23 -70 1 -26 -58 -100 -78 48 -36 -53 23 -71 
-80 94 89 -31 -52 -96 -23 78 -91 -56 28 13 -31 -66 95 7 39 48 77 -96 -71 -13 -67 -23 75 30 2 -98 -25 -7 -68 38 77 -65 -14 18 34 42 85 -54 15 63 68 33 56 62 -74 -3 90 -42 -38 29 -35 -63 -92 -3 60 35 -68 35 -91 -11 75 -1 -63 65 -13 -61 -83 75 -77 -1 57 -81 76 -15 29 29 -55 -61 -2 -99 74 -85 90 -3 74 -61 -19 -15 28 56 -79 -83 -17 34 31 -86 -32 -90 
-18 87 90 -95 -35 37 83 10 18 -60 59 -93 -18 -10 -92 25 -45 -33 -15 -84 13 -28 -34 -93 70 61 58 17 -94 54 -81 -61 -66 100 22 65 -77 76 -68 80 -91 -49 -15 95 -40 66 -61 84 -86 35 -2 87 89 -34 -56 -47 49 2 -5 -60 -38 -26 53 96 -34 41 -19 82 -75 63 78 -91 97 -19 -100 21 89 9 -20 -3 -74 -86 -64 -70 17 30 -47 97 -30 42 54 59 -82 99 94 19 -91 22 42 36 
-78 -19 -12 -99 54 61 10 -70 54 75 29 -90 66 75 -63 45 86 -91 19 89 77 14 -94 -46 72 -57 53 24 -10 82 -78 7 62 47 86 94 -26 -38 45 -64 -41 15 -68 -52 -98 39 45 -31 -41 28 20 -45 78 100 -10 56 41 31 -87 -24 41 62 -31 -21 -20 -75 59 -6 59 -94 -30 -36 -24 6 -96 84 -59 52 65 -71 -16 32 -54 41 22 -4 -69 43 -10 -26 92 -56 -28 77 9 -46 -90 31 1 96 
-34 49 27 -65 -7 -29 0 -41 -94 -68 74 30 54 -68 4 -19 98 -82 73 -7 67 -57 22 -66 -6 34 5 -59 71 100 31 -71 45 -31 53 19 -40 67 -59 -58 -31 -63 93 -17 -65 -17 -36 -21 52 72 64 74 18 -28 -52 -92 79 -62 84 92 35 47 -34 64 -82 47 -89 62 58 94 -85 33 -95 33 -62 -8 -79 -3 75 38 -16 -89 89 -62 67 100 -100 44 -29 74 -56 42 -37 -87 -58 -70 64 28 12 -7 
-53 49 61 85 42 17 -2 18 86 8 65 85 8 -75 1 3 77 47 16 72 -81 -98 38 -40 -99 35 -18 -53 -87 -58 -97 82 -84 49 -3 -96 61 -54 -8 94 -11 -17 62 -17 37 54 80 40 65 28 -63 -15 -100 -25 -21 39 15 -45 50 41 -87 58 8 6 21 49 78 -94 -3 -45 84 27 -12 21 -55 85 -59 -9 -74 37 -17 58 -34 30 16 -73 59 24 -52 -79 -81 -60 37 87 53 -32 48 98 56 -59 
41 2 -63 84 99 9 25 -20 95 -51 93 -73 93 43 -20 61 -12 1 35 -16 -15 47 -57 61 -31 -30 82 66 -26 36 -34 62 -60 -45 4 -62 -75 54 -69 83 -36 83 85 -97 90 30 34 37 68 64 95 20 15 11 -5 -84 63 -80 3 73 1 16 -1 79 80 19 -47 -46 44 -97 -31 11 -29 -29 -72 -35 -22 22 32 -64 -68 6 69 12 -1 92 77 68 41 -73 -76 -4 4 -38 -23 5 96 75 10 -48 
85 -65 -91 52 -100 7 -56 93 76 -82 39 24 83 -79 60 -53 -5 51 22 -67 8 12 2 14 11 37 -34 -53 -84 -89 46 13 -53 -97 81 31 11 45 -37 67 55 17 -91 87 89 -56 63 -47 1 1 -43 95 -89 11 21 23 82 72 65 -4 87 -99 -92 100 37 13 35 -62 -93 43 13 -24 -15 83 10 -45 68 64 -77 94 68 -59 10 30 -29 -41 -48 -84 22 59 -35 21 82 74 -52 36 98 -65 41 -29 
0 -32 68 86 -97 96 -57 -77 5 62 40 -88 -52 46 53 59 45 38 -40 82 51 22 33 -87 86 -54 93 23 57 3 69 -93 32 -11 16 -1 37 70 25 -80 54 69 -4 58 80 59 -16 3 10 -1 -53 34 -90 -30 -20 13 74 -77 55 71 -2 11 53 50 94 100 31 -26 35 -69 39 95 -12 -63 42 -59 -11 -73 72 -8 14 11 30 -1 76 -73 5 -51 -68 45 25 -59 -96 -97 -21 48 -61 2 20 14 
63 -18 21 -89 87 -99 90 -59 53 3 -2 -52 -56 59 -51 -49 21 62 31 -46 88 16 -58 12 98 -44 -68 64 -82 -28 -60 -93 -64 82 -92 -98 -47 44 -99 -54 -13 24 6 -32 -44 -32 27 -56 -98 53 -22 0 59 97 -83 -88 -54 93 1 -6 -42 28 -41 -81 -17 78 -19 -82 -94 15 6 35 60 41 55 29 29 -96 -91 60 60 -19 -79 -28 -98 -65 -70 51 48 74 86 -98 89 -69 100 69 9 -61 -94 72 
-69 48 85 -9 91 11 -77 65 -28 -44 -45 -58 -37 87 -74 91 30 -23 -98 51 -68 -43 -19 -36 31 -19 14 -14 37 76 51 -33 -15 59 87 55 -38 59 90 30 62 -100 80 42 -28 21 -51 -35 72 -80 70 -59 59 -47 94 22 44 35 47 44 22 91 46 -25 -65 -27 52 -61 23 -51 -53 3 -94 26 -48 68 90 21 -71 -37 82 -94 -55 -40 -89 -27 -29 -4 31 -9 15 98 52 88 -90 95 41 -68 58 -74 
55 -78 67 72 -37 -82 -55 26 82 72 -3 -97 68 54 26 8 -94 -14 -46 -66 -88 -18 -34 50 -54 -54 35 2 -29 14 64 -95 3 3 14 13 -26 -53 3 17 -13 -1 -20 -70 -13 25 65 2 63 -63 -99 40 -43 36 -22 -72 85 91 44 -4 -89 -67 59 -73 51 -15 -23 17 -64 85 19 -85 23 -86 86 61 -70 -55 20 -25 29 51 13 -53 30 42 -72 48 91 -100 -59 -56 -48 -87 -98 52 80 30 -70 75 
81 61 -22 -57 -54 74 -59 -65 -40 29 -51 -20 -51 -58 92 52 81 -22 -52 34 -52 62 -24 86 -90 -26 -77 8 94 13 -8 28 86 -45 -11 74 -56 75 30 -72 74 69 75 87 95 -27 75 -45 -31 -13 67 -38 42 10 90 -36 3 -20 -59 -67 -39 80 -81 -50 51 -75 -83 -62 -62 72 28 34 40 33 -50 -94 100 -47 -39 -90 40 -58 -17 0 72 15 38 30 -15 -24 52 -15 77 -87 -91 5 -77 87 38 -25 
-71 -58 82 2 75 -48 -42 -82 75 -66 23 86 85 81 -87 -19 2 88 -2 -12 -32 -18 -99 41 69 -42 37 -76 56 -30 -13 47 55 -54 70 79 10 82 -45 -85 -55 -29 -19 35 -39 9 -80 -90 -7 -70 -79 87 -22 12 -36 -98 3 -69 -30 84 73 -67 82 -14 -35 6 -78 72 2 67 74 -26 33 -23 70 -31 -83 -100 83 -100 93 43 -89 4 -66 -58 75 -59 23 -36 21 -42 53 -18 -4 33 66 45 -78 -29 
-24 6 31 -78 -48 -90 1 -84 -16 99 20 -61 -62 -8 -7 75 36 70 30 -54 -96 84 3 -61 66 13 2 73 -82 -6 28 95 -59 -89 4 41 -38 12 11 -66 -62 -39 -16 97 30 62 -2 -50 98 -72 7 57 91 -64 11 -7 -49 -71 24 -53 49 -67 21 -18 59 28 -14 -84 59 40 12 71 72 -8 61 79 -80 -55 72 21 99 92 -22 68 -23 -65 33 -73 -98 3 -43 91 -99 20 -64 4 -60 -23 79 90 
86 9 95 36 -96 57 -26 71 60 63 -37 64 -19 -39 -5 -85 85 -96 70 26 -40 -85 -94 -46 5 86 -52 -57 14 68 -43 76 87 0 -4 -1 22 -68 -70 17 -73 38 26 11 79 -37 15 60 70 -87 -35 7 -89 -44 -94 -55 36 -62 90 -29 60 -57 -85 83 -3 -64 23 -29 -34 95 27 56 -97 99 17 -34 34 24 98 -2 -77 92 12 -64 30 30 -2 37 50 80 77 -68 -81 -49 -65 47 16 -93 -5 21 
21 9 35 41 10 92 39 20 82 -25 30 27 -4 60 71 -1 -86 7 46 26 48 -37 -39 55 54 73 95 9 -74 -86 81 -37 -6 57 34 -55 -62 22 -96 -14 27 -31 20 43 -53 -59 53 -25 96 90 99 46 -38 59 31 31 -52 -16 -38 -23 14 -54 64 71 -76 85 30 -97 -77 -6 2 15 36 10 16 -21 3 -3 18 28 92 -70 -82 -24 -88 -50 -67 84 90 -98 58 -22 80 -65 -44 -2 65 -96 11 -21 
22 -46 25 93 99 80 -32 -4 26 32 79 -53 57 -67 80 70 60 -98 29 -3 8 -27 -54 -24 -40 2 -2 42 -29 64 -22 66 -80 -20 -24 -87 -17 -39 -48 -64 -87 -27 -86 71 4 -41 -90 -98 -11 95 73 1 84 -51 68 44 74 91 -73 -43 -4 -63 3 22 -61 10 -43 -99 34 98 29 24 54 73 -81 -71 83 -57 10 18 5 -35 -99 -30 -37 -99 24 86 39 -92 -87 58 47 -85 13 8 -45 -25 94 -24 
-34 66 -92 26 26 66 9 41 -32 -89 61 85 65 84 55 -91 -64 -91 19 -41 -88 14 -98 -11 -5 50 96 14 58 -62 56 -11 91 75 -10 -9 12 54 92 92 67 -60 100 35 54 33 -94 -91 -66 -42 -82 11 11 -84 36 -75 -13 90 18 -29 -7 -46 -37 -48 -70 -53 -49 -17 51 13 65 -6 -54 45 60 -66 82 0 -45 -36 89 14 14 -10 -36 -16 -58 -59 100 85 -5 -84 -44 -26 -100 60 -66 -4 83 51 
14 35 15 -59 72 -96 87 36 19 -95 59 -19 -34 23 -62 10 47 -74 -12 46 -19 25 14 -48 -70 11 82 -2 76 -17 14 -2 -85 84 -65 6 -38 70 -28 -99 -31 -16 -13 -71 -7 83 58 17 7 0 -38 13 -83 -32 83 21 91 -42 -65 -30 19 74 -41 53 2 93 7 97 -27 -95 -87 60 11 -100 13 1 -74 -9 -52 21 25 -72 7 -54 45 77 -92 50 -98 72 -82 -19 87 -30 25 -42 -37 6 80 93 
-38 76 -9 22 82 -12 95 54 60 -35 11 -13 7 22 -20 -34 -24 -15 52 21 -96 -76 2 -91 -53 56 -3 82 100 -66 33 -15 -80 -44 -12 64 11 -23 90 -54 8 -94 39 -94 -33 -36 -86 -25 64 79 -49 29 12 -41 -60 -88 -89 56 65 39 -68 -87 57 61 20 -18 -75 -19 -61 2 -17 67 -4 34 -100 84 32 -29 33 97 60 76 -88 31 45 -69 68 -11 0 -97 30 -19 -26 76 8 -94 -69 -63 24 -45 
11 96 40 46 -39 -13 5 -84 -56 60 71 68 -88 -93 -75 -43 -68 -3 12 6 54 0 6 -43 -28 56 84 -41 44 -65 -52 -67 40 -59 -3 -74 95 99 -83 57 -80 -90 -38 -23 23 32 -91 96 -23 49 -92 3 -17 -72 -32 47 -12 -83 -95 89 -36 -46 6 74 21 -24 17 -69 25 -37 25 87 -33 -95 -37 31 2 -8 86 82 23 43 -39 -4 17 -92 8 81 -19 77 87 -91 26 34 12 -16 -86 -6 39 90 
-48 27 -19 43 10 -51 47 87 -84 34 -49 8 -93 52 0 -28 74 92 -6 -24 -46 28 92 36 -86 -24 8 47 -5 -32 -80 -80 86 -83 -73 -99 1 73 43 33 -69 14 40 35 44 -34 82 45 46 -39 -9 100 52 -90 -54 -76 -33 47 79 -59 -44 -50 -64 -6 27 -61 -8 -86 75 74 -45 -3 76 63 100 22 19 13 -39 74 -86 -30 -41 98 71 52 27 85 3 67 -5 -36 95 -25 18 -6 -9 -48 -85 -67 
38 -68 -37 93 -59 -58 -8 22 -31 49 -81 45 47 -42 81 64 51 91 -78 -75 99 -44 -81 -60 28 61 -99 45 49 -81 41 -9 48 -66 89 -18 57 93 -70 -69 -84 -91 -31 43 -97 -54 69 48 -16 -69 38 -52 79 59 -28 58 -88 -66 -70 -7 -29 -8 31 23 -26 94 9 12 27 -23 66 99 10 21 -75 -42 -9 57 -8 92 -58 65 -88 35 -17 -60 52 -80 -34 -32 49 38 -13 -75 -93 84 -86 -6 -14 91 
55 -29 -32 50 17 4 -98 33 92 -49 -22 -90 33 -47 -57 92 -12 -39 24 42 89 -44 -1 -80 -56 -10 -6 -90 -95 24 58 -43 69 -59 12 -63 98 40 85 55 39 80 41 -54 -22 43 66 -16 96 -36 54 50 96 64 22 -85 -91 -2 65 42 -59 90 -41 83 -27 -19 -26 46 -80 33 -65 68 21 -51 46 -100 22 92 38 -70 -38 -1 -11 -69 54 44 -16 94 10 45 -88 39 16 33 11 38 74 -88 82 73 
-19 56 9 10 87 -5 70 -70 79 95 18 72 -58 47 47 47 49 -67 2 50 -55 32 99 -55 -25 -38 4 89 65 -100 -97 -25 62 42 -98 -13 -61 -52 -91 32 -41 -100 -10 -61 91 62 -64 98 -3 -68 -83 -48 -91 4 42 -65 -86 -76 -38 28 -2 -53 60 -58 -63 3 83 97 -18 -33 -90 79 -80 50 -98 87 6 34 -42 -70 74 -95 57 40 -16 81 65 30 -88 81 54 -54 -88 -16 -95 47 -56 30 77 44 
34 -86 16 -88 -11 98 64 -87 26 -84 -44 70 4 76 -67 77 -64 -66 64 -70 -43 -67 -9 37 81 12 78 79 -17 -31 -39 -36 -8 -55 -81 -35 -16 -4 -70 -22 87 23 -88 -55 88 28 -2 -28 8 1 37 -77 99 18 -30 -45 51 -29 -32 -82 -62 76 -27 -84 -57 -83 76 -91 -67 -86 61 -89 -84 51 2 95 -75 -36 78 7 16 45 -39 76 -83 -45 48 -98 -54 75 82 -62 -61 71 -52 83 85 46 12 56 
-24 76 54 52 -39 -87 1 -58 44 -76 85 -83 -16 -71 83 7 15 -86 70 -27 87 -44 -77 16 63 51 82 -93 -6 -22 74 82 -7 84 42 85 66 4 -18 47 91 43 -91 69 -25 97 53 -69 -1 -92 35 5 -56 -39 30 -77 48 -72 85 -9 29 81 -81 -5 1 -98 29 33 83 30 80 7 53 -62 -83 -94 -83 0 41 88 -83 -61 79 87 -73 79 39 -82 -31 -15 64 40 22 -1 17 -21 85 6 -78 -96 
-54 14 -79 46 81 23 -49 73 -69 -73 70 77 -83 90 -46 -45 44 -15 -46 -78 -29 79 6 -51 -71 -43 -61 -71 -45 -68 -93 31 -69 55 84 -55 -77 91 -74 23 88 -32 60 -82 -89 -18 -97 95 97 1 -10 -55 73 30 -74 -58 -35 43 31 -47 -50 6 77 76 69 -13 -55 61 37 96 43 -22 -13 7 81 -66 -61 46 87 -1 -53 -90 -70 -35 -52 -25 11 95 49 -2 82 18 9 -63 -27 68 -71 34 100 94 
93 27 -6 87 -45 -65 34 -29 -21 94 49 76 -57 18 91 67 49 -69 30 -89 48 -95 89 -40 0 85 80 98 -14 86 59 87 -67 16 15 45 -24 68 -25 63 77 49 96 32 78 -61 37 -72 -88 97 -48 -11 -12 33 -42 -76 -38 37 -8 68 67 -4 49 -30 61 -77 27 -60 31 76 -56 -85 19 -1 79 99 -68 -83 92 -68 -41 -63 -14 69 15 -90 -97 -13 66 85 -4 52 17 -84 -83 67 -86 -68 16 27 
-60 56 91 -94 -78 11 -31 -49 52 46 -52 -67 -17 66 51 -95 -92 60 -32 59 -36 64 -74 50 64 -51 98 87 73 -3 65 40 24 -68 8 13 -74 -76 76 82 -58 76 53 42 75 19 -23 -53 -49 -67 -66 -54 -38 -38 -96 88 22 56 30 -42 -8 -34 14 -18 52 48 21 -97 67 28 25 -36 -65 -12 -17 46 -38 42 54 33 -3 -73 67 -90 -65 16 67 36 -91 -97 -31 -61 35 -32 -62 -89 31 -29 -52 91 
52 -90 -65 56 -91 45 14 -65 -37 -88 77 85 62 -64 -86 -8 56 58 34 -76 37 -43 -52 28 -63 -42 100 -66 -63 83 17 22 94 94 -18 -90 14 -23 -100 -38 17 64 -100 -80 -31 -87 -15 36 59 2 11 -52 -2 93 25 73 77 -9 79 -30 -13 1 -43 24 93 -25 -9 -22 32 -74 50 -6 28 -33 21 0 39 -73 -12 1 49 -99 71 -40 91 41 -86 -14 -52 47 78 -66 -95 -77 51 -10 -40 -45 -11 -78 
7 72 -48 12 77 -34 -57 -63 -12 49 41 -98 -89 -44 74 -92 1 29 -43 17 15 -53 6 -12 -71 -39 99 47 -72 48 70 11 73 33 31 35 8 81 -76 -90 -26 58 27 -36 50 -29 -4 -85 99 -26 81 -23 -56 73 -25 52 -93 -35 31 -44 21 93 -19 -35 88 73 -21 -19 -70 77 53 -48 43 40 71 -84 -44 19 -99 -5 -10 -11 -34 -97 -89 4 -64 45 -60 13 -10 90 -72 20 1 22 -44 88 -35 41 
19 -80 68 89 -17 -27 64 79 -35 -77 -68 -23 14 -30 -99 -23 47 80 -1 -52 2 -51 26 -96 -96 -35 -77 68 45 5 -27 38 -3 92 15 45 95 -53 46 63 -27 72 -99 -1 -48 -81 -37 -58 -81 -29 -48 19 67 16 -33 -91 64 61 11 74 -38 91 10 77 62 -10 -35 -70 59 -87 74 -25 39 30 78 -35 -69 -8 4 -86 -33 10 -85 26 46 19 -96 -19 34 -83 -28 18 -82 -16 59 -88 -23 16 -23 68 
-32 -21 39 -99 16 37 87 -40 -58 -46 68 -42 -84 90 33 -41 57 30 65 55 56 63 83 -16 73 -58 49 78 0 21 36 95 -98 -81 -23 50 -63 -49 62 -78 68 95 -76 -85 70 -26 53 -70 27 -61 8 -57 0 11 75 95 -18 -77 15 -13 -11 -93 47 -41 31 -48 0 -32 37 27 -86 76 -15 59 25 -70 84 39 -23 -55 -77 -27 22 -79 42 -68 -73 56 74 -43 34 30 62 50 77 39 32 -42 29 35 
95 35 34 -50 40 -87 94 11 -89 -4 -75 -53 -33 -97 95 -65 62 18 71 -94 -63 -74 82 36 -29 -91 59 -51 70 34 -21 35 84 -4 39 14 3 34 -64 -39 45 14 -70 91 -12 -47 27 6 -48 -21 78 67 -77 -23 26 -78 65 -82 77 40 63 -96 99 -97 93 -1 -3 89 87 67 -23 47 72 -76 -57 81 40 -99 -49 42 -49 -49 56 -16 -88 -74 -67 -100 -29 78 -90 -95 -75 38 12 -21 89 -34 18 44 
-80 -84 53 3 -38 21 -50 -34 94 -90 33 -33 -43 79 -7 -96 25 -28 -82 50 -38 -82 36 14 -42 -37 -56 86 -64 19 79 0 -34 -58 -42 88 0 -14 -14 96 -45 86 94 -22 -23 -33 65 76 -98 9 -55 98 49 -8 -82 72 -87 11 49 45 -90 100 -1 -55 25 80 -54 47 22 -99 62 -80 14 -42 -34 -77 12 43 -43 65 95 -67 -69 -18 -93 -56 30 35 -63 -72 -49 -45 23 31 -81 86 15 -96 43 -98 
24 98 -60 18 -96 41 45 -94 11 87 57 -90 48 45 -64 3 48 -21 -66 -50 -45 -13 48 -69 5 6 36 54 -96 -70 0 -70 -67 86 -17 76 -80 -47 -93 -80 -55 77 -45 77 8 -98 -7 -27 -9 68 63 33 47 -8 -63 2 29 -57 -46 -4 -28 3 -19 -11 -90 9 -44 64 -79 -28 65 46 -63 65 39 -65 -59 -3 -67 -33 -56 -80 -71 -21 70 -100 -85 29 69 -56 -32 -91 26 94 9 -42 -31 47 27 -33 
22 8 -60 38 -37 24 37 13 -88 33 -65 48 87 80 -35 60 -45 5 47 3 10 -25 34 9 95 -35 -39 78 -72 -99 -77 -59 -18 -9 80 70 20 -3 -22 -65 -68 70 37 31 -21 -99 16 -27 -87 -44 14 93 25 -46 -67 -84 0 19 -92 19 70 -85 -91 -76 -43 -23 -70 -58 -56 -84 -4 -87 -43 -10 41 -40 -5 51 -77 14 96 21 -3 51 63 -53 -44 -4 97 -2 -83 60 -76 -51 -91 -60 11 55 -42 -26 
-59 64 -54 90 -16 97 48 -33 85 -48 -4 -98 -9 95 28 74 71 -66 21 66 21 27 -15 72 -18 -18 49 -46 -70 62 -14 -90 90 -83 75 -33 -84 -45 -52 -90 65 0 34 66 -77 38 39 -73 -64 86 53 7 77 -89 0 44 -76 4 33 24 29 62 46 -2 37 28 -35 -48 32 71 -94 44 62 69 46 85 48 75 50 83 -24 -36 -32 -48 91 -4 77 16 77 -23 57 65 -88 45 -55 50 -49 24 44 89 
81 14 -66 -21 -61 76 76 22 -16 58 -76 50 60 -23 80 43 -62 25 -100 60 83 -58 58 -13 -14 -26 -58 -39 -65 96 38 97 -87 1 8 53 94 83 -41 -100 -1 69 -78 -32 -34 47 98 -20 47 47 -51 -6 47 -7 35 -52 42 37 -82 -37 90 -24 -44 -90 -42 -67 -75 -46 100 58 -45 20 -58 -25 -11 59 73 84 45 -13 43 16 1 -81 92 92 -92 -46 -80 -6 76 62 7 75 -57 6 -37 -41 -94 -37 
67 13 56 -70 40 14 19 -39 -41 1 61 -17 85 7 -50 42 1 -35 66 -49 -5 -61 -3 48 52 -65 47 6 84 54 -47 -11 -78 92 -49 23 38 44 -96 -31 -25 16 51 22 32 -83 -87 -89 -19 -30 71 -52 53 32 10 72 -9 70 -49 35 -20 34 19 -61 16 21 -65 34 -28 97 42 -84 -24 -12 74 51 79 81 -9 -41 19 -20 59 80 -23 74 -56 -41 63 73 60 5 -20 -37 17 53 76 -59 46 85 
-37 -96 56 6 83 -39 -90 -81 94 -29 22 2 -55 -78 81 64 48 51 -17 35 -6 -89 -25 59 -8 -3 73 -47 -39 1 -39 52 -33 -6 -44 2 25 -37 -51 -55 49 36 -32 58 29 11 75 -61 -6 -28 44 28 -7 -51 -59 46 91 22 74 -96 -87 4 55 -82 -39 6 60 -92 59 -63 43 87 98 28 -8 61 -96 -92 100 29 -73 23 -17 6 -75 -90 -64 1 71 -3 -69 48 45 -87 79 83 90 57 -88 -96 
-16 -58 7 71 -91 95 -81 -78 -77 -3 -36 83 12 -81 26 46 -41 26 -56 58 17 -81 -11 96 -80 -27 31 57 49 25 -98 51 31 -81 -40 9 31 -30 6 60 32 -88 -75 13 52 -77 37 83 69 -22 3 -78 -28 31 -45 82 -88 37 89 54 60 31 -49 83 -10 -5 -62 -35 -91 -24 37 62 91 -86 -43 -99 47 -4 -57 21 -9 -15 -28 -74 38 27 -81 2 98 -87 -71 41 90 66 -82 -87 18 34 -79 -11 
-96 -53 -66 -11 -66 67 -73 60 -30 100 24 -86 -81 -97 -87 -7 -14 -43 99 30 43 -86 -47 23 -45 14 -22 -64 50 22 48 43 73 -23 -100 16 58 -6 83 -55 -32 -77 45 -87 24 -85 -70 -75 -21 31 -44 -6 -57 29 -45 -8 88 -22 -12 2 -91 -98 12 -51 80 33 2 -74 19 97 -90 46 28 -90 88 82 17 -88 -53 -60 48 0 13 -51 -95 -90 22 27 -91 -87 89 93 -80 80 -84 49 41 28 91 -98 
-65 91 29 4 -77 -61 54 71 77 54 13 -54 -47 -34 42 -24 97 -99 -97 -93 -98 80 -65 -12 -31 35 -58 -84 -11 -98 -34 -7 2 9 82 -81 -93 50 71 -71 57 -81 86 -39 48 -44 -73 22 41 26 44 -85 -8 24 -55 -9 -67 -18 -74 -94 8 66 -33 -91 31 98 -73 13 -75 -44 -92 47 -82 77 -83 7 -40 -38 38 13 19 49 13 24 53 -33 -97 49 38 82 66 30 -65 -3 -14 45 -88 26 -14 -51 
51 39 -57 -46 37 -38 -25 -54 -75 17 -6 -84 -82 97 12 -5 -4 -36 59 41 40 -58 11 -95 -47 41 41 18 47 -32 -36 -22 65 25 -7 79 -33 -78 70 64 61 -70 -80 66 -21 67 -75 35 -20 10 -93 23 -42 80 -47 -93 -65 -87 79 -97 -5 -43 -63 -74 65 -44 -43 -93 -98 56 -76 -48 -33 9 -61 59 81 -88 -79 22 14 15 3 20 8 -30 -84 -69 80 -71 -18 21 -26 -38 18 -7 80 37 4 36 
73 -58 -4 -33 -6 17 -68 41 -71 72 10 -90 -26 -78 -28 -89 -23 -52 10 -61 84 88 -59 -20 -100 -82 -51 39 -36 -98 -19 7 38 -17 -65 -95 -38 28 59 -19 52 34 8 24 -80 -19 -73 -54 -40 -37 -61 -93 80 55 -60 35 -76 -1 61 54 -12 -3 5 59 -61 64 -55 -33 8 -55 -56 -99 -89 42 -87 -96 92 31 -56 82 24 -51 -23 69 -98 5 37 -67 -84 73 96 61 -87 -31 74 -58 63 -46 44 27 
-56 79 -57 -40 -34 -8 -78 -4 56 44 -24 -80 74 34 11 -23 62 80 7 -1 4 -10 7 90 15 -85 -35 20 -66 -82 11 25 -40 55 -62 -31 16 14 28 -89 -30 23 91 62 7 -2 -1 96 43 69 32 14 -98 -53 73 -47 -3 68 -59 90 39 -20 62 20 29 -29 -26 2 75 -63 65 -92 -85 -91 30 -14 -59 40 -72 -9 -94 92 -17 -50 -48 52 -97 -19 -43 46 98 -5 22 -88 38 56 -64 73 -60 38 
-46 42 -94 81 96 -74 78 -80 6 89 -60 -91 -56 -34 -78 93 -40 47 -20 -2 4 -14 88 -79 25 77 27 -54 35 -84 12 42 41 -5 21 -8 -75 51 -11 -23 49 0 93 53 -8 88 8 56 -94 95 -84 -90 10 90 -6 55 -53 -35 -1 45 4 18 -39 83 80 -95 -34 81 -35 -36 71 100 -83 17 -46 -19 42 -11 21 1 -44 67 -15 -96 -24 -34 14 -11 26 27 -1 -69 10 -90 -82 -34 85 43 67 13 
-49 61 -27 -25 -80 -58 32 -53 32 -65 -87 79 -85 26 37 34 80 -98 54 89 -12 38 -53 16 -48 -17 67 41 -88 -83 -35 -10 4 100 -86 21 -46 -97 -73 -52 67 38 -75 75 67 -19 -85 80 -68 14 -45 99 -90 61 21 -50 -71 91 -86 78 24 64 47 -24 36 -50 1 -66 -22 44 59 -45 28 36 -50 84 52 93 -53 -66 97 -51 7 -50 5 -80 -30 -88 -31 -17 90 -33 78 -34 33 80 -60 5 -51 20 
-90 -54 -86 45 -44 -24 35 9 49 68 -80 -37 -54 51 60 -47 -62 63 44 -44 -45 68 -48 29 -39 -76 79 -98 -79 -8 42 100 -41 -37 -50 -33 21 -34 -35 66 -36 -26 -64 67 48 96 -34 89 85 18 -83 29 6 -41 70 42 -83 98 -47 -78 89 68 -98 -10 85 -24 77 -36 48 40 -13 9 56 35 -3 13 -67 63 66 9 -71 28 80 47 13 -43 -41 -18 22 89 28 -94 63 -72 -87 98 -81 -90 21 70 
-46 -38 17 -7 -20 -16 -84 17 84 -92 -92 70 69 4 -39 6 90 25 -5 33 -46 2 -61 9 46 18 95 -50 80 40 66 -90 23 36 -97 -95 37 39 -39 0 41 55 -24 92 -20 66 26 44 -94 -11 60 100 9 18 -25 -98 1 -17 32 -46 35 67 100 -70 42 12 -36 -61 -19 38 57 21 55 24 3 54 54 31 -20 -42 68 -10 -44 -17 -74 -83 -99 -38 79 -18 -73 -52 92 -49 54 9 100 -31 97 -72 
-56 90 -52 75 92 19 82 -54 83 31 -75 -39 96 60 78 45 39 -89 80 -47 26 15 -24 55 39 -88 -10 22 40 17 -15 55 14 45 73 88 -45 -4 -91 87 -2 39 14 71 0 -5 -58 70 -97 -58 -59 37 -38 -13 85 -52 -14 46 -35 -100 85 34 95 36 -68 -47 60 76 22 78 44 -57 29 13 88 67 -76 99 -85 -32 1 82 5 -96 96 65 2 -92 -56 6 -60 -83 -2 -45 -98 42 96 -14 -52 50 
75 76 -36 -6 -74 88 -73 -66 12 -54 -94 -47 -80 -99 32 49 52 -2 21 36 35 58 7 4 -7 -34 -64 -43 -79 -43 61 30 9 50 62 5 63 -78 6 26 62 -58 21 -77 83 -10 -79 78 6 -11 -11 -24 55 36 14 -53 59 -60 -30 -75 39 -98 38 1 -19 26 -43 78 71 -88 -16 34 -41 -54 80 -28 29 -81 -79 10 -40 51 68 -78 24 82 63 -81 -77 -64 -7 30 -10 -8 69 -26 98 19 -73 97 
-59 12 -42 97 -18 -19 -48 -2 -93 47 44 48 -61 -9 7 91 -77 94 45 38 26 -23 100 53 -61 79 11 -25 -5 -30 -28 55 -3 -54 -29 32 -28 -84 -58 9 -86 -99 -99 -56 -100 51 18 -38 27 13 -89 -6 24 76 -26 27 -65 -37 88 43 -32 91 13 -72 81 -12 88 -5 32 -80 -10 -70 -20 47 -77 60 96 -1 -38 46 20 10 76 27 -67 -14 -93 14 7 -66 33 26 69 55 57 -85 5 -14 -59 -3 
-15 98 -36 -66 51 63 -19 97 -92 -8 -64 -86 -25 93 -77 72 38 -19 85 -26 -91 -99 -76 -62 10 -5 -10 73 -21 -68 12 98 -54 -40 46 78 -84 75 -48 -9 -58 24 -93 -100 -80 67 95 7 -32 70 -96 -61 -30 -82 98 -17 -68 -90 -43 -39 83 53 -61 -45 49 39 -68 -13 19 -57 94 15 -94 -75 -54 -1 -26 -99 58 91 -15 -67 -20 -18 64 -53 95 -3 -70 -35 -85 -28 70 -43 68 79 -39 -50 -86 -46 
49 96 41 -71 -85 15 46 45 62 -44 55 -93 55 25 97 -46 -34 -8 -67 -10 -35 98 -18 97 -7 -36 -83 -89 -26 -54 53 100 -98 48 -52 13 31 -10 51 0 -5 72 -52 -25 -56 -88 46 46 28 -39 72 98 9 -28 -16 -100 80 86 17 -41 1 -72 -39 -39 -16 74 6 3 -5 76 13 -99 -5 76 -39 24 50 26 -3 63 -11 69 98 48 100 35 38 73 -21 -16 -73 16 -96 29 -51 28 -29 -5 -49 41 
-41 -18 49 12 -23 -17 -84 91 53 -14 -16 -71 -83 68 2 -71 66 47 42 9 -66 -28 -6 -26 57 97 -64 -11 48 -74 -87 -42 -58 -18 -18 -64 6 -47 79 24 -90 -66 63 -25 -83 -42 -64 49 -21 -50 37 91 3 -30 -9 59 28 28 -96 -5 -11 53 60 -98 -15 74 85 -56 85 -9 -22 40 -58 -61 59 -62 59 51 -93 79 -23 21 -31 94 -53 28 -25 -48 -74 8 4 97 22 -8 47 42 -50 -82 -21 73 
-59 -40 45 -30 12 -7 -10 43 -14 96 -66 -55 -66 24 -71 62 -75 -85 -26 90 14 87 -53 38 43 39 -63 -10 -20 29 25 60 86 -74 94 -80 -11 -21 65 -69 -82 5 -70 36 -30 92 -46 81 80 -1 -52 -38 -70 4 24 -30 -18 34 83 -50 -89 45 93 -52 -47 -21 -46 -94 55 -3 -95 25 -51 52 -77 -25 82 -27 -80 8 -42 84 -72 34 -19 58 91 -99 6 40 26 -6 99 -90 36 -2 -74 -99 -3 30 
16 24 -18 -78 -3 -85 -94 88 26 96 -100 91 -45 -1 50 7 29 90 89 -1 -38 40 98 -80 49 -99 82 -25 88 -83 -86 1 8 0 -14 -60 -34 -27 -36 52 79 70 -44 76 71 -1 -66 -94 29 95 92 -93 -87 43 38 1 -93 7 -43 56 57 -26 -100 18 89 -50 -97 29 41 9 -96 70 5 -17 24 64 -57 20 99 71 49 0 31 57 90 18 77 -53 11 96 -84 -70 -88 56 -16 85 -77 -23 -53 84 
-15 71 88 23 -29 -24 26 -15 29 -75 -9 -25 7 -88 60 -77 100 -56 -64 -94 -87 21 94 -42 7 -15 -29 -23 -77 -3 4 55 62 53 24 -31 1 58 46 66 -14 -81 -11 70 -7 94 -97 52 -97 -45 49 -34 -92 -76 29 4 -9 61 19 71 18 -87 -19 -89 -31 89 1 -50 -55 -70 90 84 -39 -45 59 -18 38 -26 -11 -100 7 -50 81 15 26 -83 -34 -91 57 -22 88 -85 -93 -49 63 -43 -84 -88 -46 100 
84 -45 -99 -81 13 36 -63 85 -51 -89 53 11 88 22 7 28 -10 2 63 78 42 65 70 70 -56 7 -93 -55 -22 30 -22 7 -87 27 100 -87 -91 -80 65 49 60 -29 -33 -75 42 43 -12 70 65 31 -4 43 -11 -71 81 65 64 -52 -5 28 -68 35 -75 -73 -59 -77 -47 -32 21 93 -99 -84 -9 -3 -33 63 71 61 83 10 85 7 -76 -57 -98 -37 -6 -47 61 -18 70 8 44 -70 -48 -65 87 49 36 65 
60 97 -75 -96 -12 -63 43 19 -88 2 0 -69 -49 -52 -87 93 6 -82 74 -55 -37 46 -5 63 76 85 50 97 79 58 -52 22 27 -8 -40 55 85 39 23 84 2 -76 55 -25 95 -3 -61 -92 -61 42 14 -13 92 -73 -77 -68 96 -84 88 83 -69 5 -26 15 -7 -84 49 -54 -5 -99 -39 58 -33 -86 78 -92 66 48 -98 -22 -99 31 84 25 67 -71 50 -33 -94 55 57 -54 80 -78 -53 2 9 -26 -33 4 
6 66 -38 -3 15 -42 -41 32 86 93 -11 30 68 -23 -99 -1 -54 34 79 36 32 -88 -84 17 24 -94 32 -91 -12 -47 -97 8 -78 51 -33 74 89 0 83 -27 31 -68 48 31 -32 47 -91 70 -21 -94 77 82 -6 -23 55 62 -57 -41 78 -88 -20 37 79 -71 20 -25 0 29 67 65 -38 -76 22 80 -39 -73 -26 64 -28 -65 49 -42 -23 11 44 67 -36 -88 11 -5 -71 -63 4 40 28 14 -34 -77 -11 -56 
-24 -66 81 0 -29 89 -6 12 63 53 48 -63 27 -55 -30 32 -62 -23 38 97 -71 45 58 22 60 -71 -14 -9 25 10 7 69 26 41 72 -79 -45 49 77 -54 -35 96 -63 -6 84 -27 17 5 -93 8 -15 92 -24 28 6 -10 84 -70 100 95 -26 92 -31 -14 -63 48 -78 57 -21 94 -97 27 -20 94 19 -73 -17 52 71 26 70 78 -5 4 -24 -27 -77 -33 -38 47 50 42 15 -90 -22 -22 -83 -56 -44 -54 
-42 -5 58 59 -68 17 93 40 4 84 -69 8 -5 74 61 94 37 62 -69 -10 -43 62 10 -36 -76 18 2 32 -61 -18 -95 54 -95 -45 -1 62 -65 73 12 27 -46 -55 -15 -4 -42 -76 -16 15 28 -59 -72 49 -50 -54 -17 -38 40 55 35 -90 81 -82 34 96 -2 56 79 -95 -75 5 -79 65 28 64 89 28 -82 68 4 7 91 -53 17 90 -16 -76 59 22 89 -69 25 -50 39 -66 99 -24 47 -86 -12 22 
-63 57 -68 89 -72 -55 14 14 11 35 -82 -55 7 -90 41 -73 -19 57 49 65 -79 -25 100 -55 -26 93 -52 6 -57 54 53 -76 -85 -87 86 -100 -12 -57 -26 -18 -33 24 -13 -16 34 14 93 -76 70 21 62 20 24 -77 -61 -37 3 -84 -3 1 78 -6 -38 98 4 -67 -21 62 -31 13 -76 -25 36 43 -33 -60 85 -7 -53 37 35 -7 -34 69 15 23 -21 80 54 -7 -94 48 13 32 15 -57 -42 -79 -96 -41 
-2 -39 82 5 23 77 14 16 -58 -55 41 35 -7 79 45 -84 -65 -17 9 21 -26 -64 63 19 41 8 70 70 58 -76 -53 -2 51 84 -1 9 -30 48 -30 -85 28 -88 -96 89 50 94 -97 -69 2 -20 -89 19 -25 -59 -50 -30 -58 30 -65 -63 -31 -93 15 -52 -39 -98 -89 -48 11 -65 17 -80 39 -72 -22 -25 -99 29 20 4 6 18 83 -39 -15 -73 82 58 -80 55 -2 47 27 98 -61 31 -19 -46 -20 -77 
-7 -96 11 -22 83 -99 58 -84 -41 98 97 26 -44 -91 -12 78 32 -95 -52 95 -35 -71 -25 -69 -62 45 91 33 -40 -13 4 4 77 -19 -8 3 74 67 -69 -61 45 -61 16 13 -34 71 61 55 -30 -32 7 -13 12 36 -51 -9 -93 -97 -57 -1 67 29 -20 43 -89 43 -1 -88 83 -67 -20 -98 -28 95 35 78 62 46 39 -76 -20 77 -6 -91 72 22 -9 72 37 34 -33 -92 -6 6 -23 43 21 -58 -4 83 
-100 -7 -37 26 -75 69 16 -11 -18 88 -3 -11 -67 -73 81 -6 99 56 -17 24 -48 62 -43 36 -100 -89 58 98 99 68 -70 76 -1 -37 43 -20 -1 -42 39 -100 -44 -46 47 96 -60 99 -70 -80 -88 -49 -85 73 29 -83 -25 -36 -4 -29 31 -13 -1 -44 -73 86 -55 -77 -74 82 5 50 59 17 50 -78 -69 -78 18 62 -71 -93 -23 67 -5 90 18 60 33 21 62 90 -66 24 25 -57 -87 -57 61 99 -10 93 
68 5 -32 -19 38 81 28 99 -69 -41 -75 25 -89 38 -22 -45 5 85 34 -1 9 45 60 23 -7 -32 17 -96 92 84 -34 61 98 -50 85 -97 19 7 53 46 -57 73 -79 -55 -7 8 -6 8 88 28 2 72 60 -65 77 54 -98 94 -44 32 -70 -36 36 49 87 -97 -33 89 -10 9 -63 0 52 13 22 73 -13 -37 51 10 -75 42 -34 71 25 -38 49 29 -81 45 66 -4 -6 95 -45 30 40 -76 -18 -51 
-32 4 17 -94 73 37 74 -51 96 -34 59 7 -41 -20 50 24 -85 -49 78 87 -1 -87 -88 -73 66 -9 13 10 -57 -100 -46 -77 4 21 -50 -20 -40 -27 -77 48 58 -51 33 61 38 -76 80 45 50 95 -9 82 -42 91 -73 90 -76 -73 49 49 1 32 63 -83 40 -51 -26 -79 -27 -70 -68 52 -100 -52 -55 62 -53 -94 6 63 77 -66 15 44 92 -77 -70 -12 -7 39 62 6 95 -32 85 -20 32 91 -51 -56 
67 -52 -75 22 -5 -69 5 31 -2 -35 -22 70 -22 -98 31 -26 -66 -86 -79 63 -27 22 -76 -2 86 55 0 44 -92 9 0 -45 11 -63 78 46 -20 -81 25 56 -36 26 -46 -23 3 -23 100 -87 42 83 -11 98 99 31 -1 -2 -78 -42 26 86 -19 31 -97 61 -46 -36 -92 -9 22 -14 -34 11 -60 25 -100 -65 -75 -46 -48 25 -83 73 -27 47 -71 62 99 -83 -70 -86 -2 -10 51 -30 -18 -84 -66 -97 -20 -75 
-77 -99 98 68 -86 84 -45 55 49 -7 -19 -4 54 13 7 21 4 8 20 21 61 70 4 -21 79 -11 76 -57 0 4 -47 -2 37 -95 -66 -45 -24 -25 -87 90 -86 -42 91 -68 50 -80 66 -65 69 45 50 46 -68 63 -68 3 -86 -43 -80 -63 -57 89 92 -22 -55 -81 100 61 62 14 71 -27 75 -24 30 -92 49 9 7 66 -59 4 -60 27 33 -53 82 -18 -90 5 -100 26 -91 0 -57 -61 9 -57 -54 -50 
79 -83 -66 -87 -45 78 -23 -14 -69 94 90 -50 94 72 -65 -87 -97 -7 -74 44 -13 10 -48 -86 74 -60 -47 81 77 -5 -47 -81 -1 90 75 16 46 30 -14 -81 -6 12 41 -17 99 -14 15 47 59 -81 -57 7 -99 -17 52 -64 55 18 43 44 94 -76 -54 34 -50 73 96 17 -97 -99 2 33 -70 54 -95 -47 99 3 -11 90 -71 97 80 -45 24 11 94 -68 48 -46 80 -83 -61 -52 16 -30 -70 -20 -33 -62 
-87 -82 89 -8 -99 -15 -26 -73 6 56 82 61 -53 -17 -59 34 -8 31 63 -61 -60 -59 -13 -49 41 -89 97 -9 52 -90 8 8 68 86 70 -93 89 31 16 97 8 -93 -11 50 -78 44 59 26 -36 81 91 90 65 36 38 -7 -89 -47 78 65 -2 3 -33 -42 -99 -6 -100 66 26 -20 -32 -35 -83 43 -16 -2 2 12 -5 -67 38 88 82 77 31 -93 39 76 47 -97 79 19 23 -80 87 -52 14 -14 -51 -23 
-13 23 -31 -45 90 -60 -3 -2 -21 -8 54 23 67 -52 45 88 -65 -78 -52 41 71 -88 37 -37 72 1 88 -53 39 70 -75 -37 72 58 -56 45 87 -25 -93 64 100 24 -46 -42 -96 -73 76 7 -48 -37 -86 46 91 1 54 -15 11 -2 61 44 -11 -88 6 25 7 -40 64 -65 50 -79 70 -23 -29 -58 17 -73 -98 -75 -13 -89 0 34 43 -86 -61 8 -29 -16 40 3 -96 -83 -82 -5 34 2 37 -24 -24 91 
-54 -3 -17 -19 75 -8 -78 15 41 70 -39 -31 86 -45 -80 -39 65 7 100 -13 -96 -12 96 -6 20 -12 -81 -24 59 -79 -21 97 4 92 77 66 -96 -27 13 26 -4 30 -83 -6 -64 71 -48 42 59 -70 -83 53 73 -2 -78 -97 -76 52 -46 73 95 -35 -24 77 61 9 -21 46 -32 17 56 57 22 3 -77 23 90 97 19 -47 4 -33 -26 25 -46 52 -79 85 -14 77 -9 -83 -72 -62 -95 -14 -43 28 -2 -57 
10 51 -14 73 -23 82 -56 30 84 -42 -62 -10 37 -33 28 51 26 -19 -26 -65 -100 -36 -44 12 62 -44 -66 -78 64 37 -100 31 31 -96 14 31 -58 -23 -55 28 -77 -86 -98 -66 -38 73 -39 -17 64 88 -26 96 -12 -13 57 22 6 2 38 3 42 94 -37 7 52 -60 23 -52 -6 9 -36 -63 -27 18 61 -100 68 91 -26 74 -55 14 60 53 -82 -52 -15 21 69 -8 34 -29 -95 -64 30 -67 -3 92 8 24 
-4 -46 18 -82 48 -32 -87 75 84 48 -42 -31 -94 -18 -15 -47 10 8 73 -36 60 -77 -18 -70 7 -18 31 68 -17 95 -5 -57 -77 24 37 -95 -90 82 91 -19 54 -30 -93 61 92 48 -89 24 -90 -78 -69 -34 -44 82 -73 -98 -2 -21 43 85 -62 -69 12 2 -79 67 -42 -53 55 80 6 -61 -35 -2 25 -66 74 -45 74 17 36 7 71 -19 84 -82 73 78 8 -93 -30 -36 -9 -6 23 -43 -3 -100 24 -28 
43 43 91 33 37 24 76 80 83 -68 42 -18 7 26 -38 -27 17 -90 82 37 12 -61 -5 -100 -29 -51 -33 -100 -55 21 75 -46 24 77 -23 20 -16 -60 -15 27 -61 -91 -69 72 71 -10 47 -96 97 -23 -70 -93 8 25 86 62 -40 -74 16 -68 56 -83 -6 -53 -61 -78 -53 47 -78 -3 0 -41 94 76 15 72 17 -64 80 -100 38 99 -92 -3 18 25 97 13 22 -91 -13 21 -54 63 -78 11 34 17 67 -31 
-22 52 -24 94 28 84 -73 -70 3 -60 -64 -38 -23 6 16 -91 -77 -10 -33 -17 79 -38 -41 -86 -14 -7 -99 -72 97 51 3 -91 -85 15 75 5 -24 73 35 43 54 -57 89 -59 -90 90 -75 26 -84 36 -67 7 -29 -88 -44 76 -45 55 96 99 74 84 -59 -31 -38 16 -42 -88 -35 -32 -50 88 -22 -68 -63 -15 -57 26 -93 12 -43 -60 95 27 66 -34 65 -54 -28 -94 91 -1 -69 -77 12 34 -97 -8 -48 -70 
38 -91 -74 -35 73 23 -18 10 6 -63 51 -40 44 -78 7 91 -69 54 -28 -83 1 -100 -79 42 -37 -34 -21 5 32 83 72 50 -22 -76 33 -3 -66 31 59 100 37 -80 12 -47 33 -71 72 -70 -24 40 94 -43 48 -39 8 69 11 -64 54 60 74 2 15 -60 -55 -78 76 -100 45 -44 80 64 80 -3 -13 61 85 -100 -36 43 -2 67 20 -48 84 7 -86 61 35 -27 98 -89 29 -84 -97 -85 60 77 50 34 
-23 -22 48 -5 11 21 75 94 -61 -8 15 15 15 -11 47 -61 36 48 -75 55 12 -54 23 66 -66 26 95 -53 92 81 -10 -1 -4 1 -1 27 88 -63 -1 -77 -65 -20 50 18 -15 -76 84 -91 56 -67 1 23 77 91 85 -82 86 -99 -55 72 62 -21 -20 -28 -77 -17 22 48 4 41 0 -12 66 59 70 -18 -63 22 -13 -39 -100 2 -38 -97 16 25 -13 -90 -22 -62 47 -59 -11 86 9 92 -32 68 -93 -55 
23 53 64 -93 -60 91 17 -14 93 54 -68 70 -51 28 38 11 39 61 69 21 60 -57 82 -36 99 90 95 -54 -20 -42 92 20 3 70 -87 -59 -73 -70 36 90 82 -57 -49 75 35 78 -4 88 -12 -37 20 -82 41 98 0 -43 58 -89 4 70 37 -7 -26 -75 -75 -91 -56 82 -14 -87 -68 68 -86 -46 -42 -46 -79 -92 60 -78 25 44 -87 9 -84 56 95 17 7 -65 -9 -36 1 10 32 -24 7 52 98 -9 
0 14 62 -89 32 84 -23 -54 -88 97 91 -34 16 -11 -3 39 75 -59 -1 94 33 79 -33 16 -1 -100 -24 -9 -56 -90 -15 24 -1 -34 -82 42 12 34 78 -71 -78 55 -95 -94 37 99 53 76 -3 -47 -78 73 -9 -31 -14 80 -90 84 6 -94 74 -67 33 25 66 -90 68 73 73 -57 -39 -86 -49 -75 29 -32 -5 39 -30 55 -54 28 40 13 -50 54 19 1 59 1 -53 93 -71 51 30 38 -84 -22 36 40 
-66 3 3 -67 93 -28 87 42 95 81 -7 97 -69 89 0 32 71 -49 -74 -48 46 57 27 -98 -90 17 -88 -72 14 -87 62 -56 65 -10 -64 -21 -60 40 91 90 48 65 -81 78 -17 55 -78 -70 -99 -67 -1 -44 -47 38 -67 88 38 -4 -35 63 39 23 49 -2 15 49 64 24 67 -51 57 0 -34 -17 17 59 10 68 -15 -30 75 -92 34 -32 -40 36 6 -6 58 -43 -32 -22 35 76 -87 90 -20 -90 43 13 
-61 -77 13 27 -62 47 -39 67 -69 76 -21 -30 -58 -25 -79 -100 -15 -85 49 0 -9 -69 92 26 23 33 -45 -44 -55 88 69 -77 -90 -3 -81 -45 45 -60 58 -49 5 89 -37 84 -61 -73 -64 -50 85 37 -24 36 67 -49 -51 23 29 47 -71 -52 -63 56 -16 -67 -47 -83 46 -53 69 13 17 -42 -46 66 -6 -92 -69 -73 17 -84 -39 -69 20 -96 87 48 -10 -83 -78 26 19 -90 -19 -56 59 53 93 100 -33 41 
62 15 -35 66 30 -24 -95 -24 20 10 -54 68 -72 -98 -71 -81 22 -28 -10 -83 54 40 72 -75 -30 19 76 -82 -71 26 -10 -20 90 -34 -77 55 69 -72 -61 91 -69 29 90 30 -53 -83 24 62 92 38 -82 -66 -90 -55 21 -58 28 -3 45 -10 -88 -5 17 -92 86 0 73 56 22 -28 -56 -4 42 81 40 -100 -34 -32 84 92 -18 82 -72 0 -20 -51 -2 -11 -23 -55 25 6 50 -16 -98 -97 24 33 -41 -49 
-77 -75 -65 33 -1 -10 99 17 18 -23 -91 61 -100 51 -38 -19 -64 -13 69 -48 92 19 69 53 33 -33 14 21 6 -23 3 90 -22 87 33 37 -55 -78 -31 14 5 15 49 43 -18 -80 -87 -16 69 -41 73 53 -90 72 13 79 83 -84 -39 77 76 -91 100 98 93 -29 98 61 88 94 55 99 80 -63 36 16 -36 21 86 -18 -69 42 -65 92 60 17 20 71 4 -52 57 43 -42 -34 56 -67 53 73 -22 -30 
27 7 94 36 33 29 -14 -73 -62 -76 -89 5 -23 -44 -97 40 -98 62 19 -81 -7 -53 -54 -77 25 1 13 -43 74 57 22 77 27 96 -72 27 56 5 39 -8 64 12 -45 -97 -13 41 86 -39 -23 -8 0 -94 -67 77 -70 -33 -43 38 31 42 -71 25 -49 -68 51 -23 -71 -39 93 -88 -18 32 -31 -80 -91 52 -52 3 -61 -49 2 -82 87 -81 48 10 -53 -5 -54 -3 70 0 -61 68 -98 -24 -26 -14 -18 60 
60 -97 43 11 -83 -89 34 15 19 -83 93 -7 0 -68 81 -20 -80 -24 -65 12 -86 9 -5 -77 -51 -18 74 -94 -10 -16 49 65 67 14 3 47 80 93 -51 -18 82 87 -90 82 56 -43 45 74 77 -76 -63 -48 62 13 100 -95 64 -64 -38 -78 -68 -26 24 89 52 -68 -51 65 3 -64 -70 79 -9 72 -37 20 -21 55 86 44 -50 -91 -59 10 -10 38 -17 -29 -3 -3 -35 51 -42 61 35 59 -11 -7 56 50 
-17 85 -11 -63 8 23 -53 -33 67 -70 4 92 7 33 -46 27 -60 43 -16 11 -22 -25 -5 83 -74 19 38 -13 -22 54 64 -18 90 -90 -10 -28 2 -59 -21 -87 78 -25 27 97 28 -50 59 13 -47 -14 -66 69 -26 45 45 -10 97 -78 -37 -100 -87 -33 0 -76 50 25 -17 34 -6 43 59 64 -62 23 74 69 -91 54 77 81 80 93 -49 45 97 13 -11 -66 -70 31 45 21 -85 -100 24 78 -8 75 -96 -76 
71 81 19 -79 -57 -18 -22 35 34 -62 -56 1 72 48 50 -60 -13 -7 6 90 24 50 -8 -72 55 1 19 -75 97 -53 52 51 26 83 65 -48 -18 -35 5 90 9 -100 -44 -81 -4 -68 -97 -83 47 67 -20 -81 -79 28 -45 53 94 90 62 -50 -35 50 -91 93 -72 -9 96 -30 65 -67 -53 97 -19 76 47 -2 29 -85 70 94 -63 92 -15 95 -17 -38 16 74 41 95 95 -14 -56 -52 6 93 26 -21 -41 -69 
-97 27 -56 -51 -56 -87 47 -40 68 -17 -98 76 5 42 99 51 24 51 -49 -15 -85 96 99 93 -57 15 -74 68 -73 -10 75 -93 58 -56 -22 57 -40 -38 75 -60 -16 93 -58 8 64 57 -58 -21 -88 -3 40 77 71 10 -39 -55 59 79 -58 28 98 94 -22 5 -54 -14 -11 67 97 -16 -2 79 -58 69 -96 61 12 84 63 42 57 22 14 62 50 42 23 -67 80 -67 -8 -38 -30 34 17 -70 -76 16 -10 87 
