70
55 -71 -29 25 28 -17 9 2 36 -17 14 44 78 62 98 64 40 -35 22 33 -28 -73 -41 -34 32 -32 20 23 -30 85 57 -45 -5 -51 -22 -70 19 48 37 -86 -9 -86 -57 -55 -60 29 4 74 -11 75 -40 -99 46 -8 15 -95 -80 70 1 46 -62 93 -98 -38 6 26 46 -67 16 25 
-19 96 -93 -53 50 24 -92 -25 -38 -24 25 65 -24 -42 62 73 -32 -34 -79 25 24 21 34 99 91 -63 21 -44 -25 -1 -27 -60 -75 60 -73 -42 49 -31 -5 -18 8 19 4 -90 42 47 -16 -78 -62 12 -100 67 -19 7 79 99 17 52 51 49 -17 -59 20 -22 51 11 93 -64 -81 76 
37 75 -64 -75 -21 -89 25 92 8 -98 -66 -58 -97 13 -87 -3 34 -10 -10 -48 -5 -57 73 -95 93 -62 -99 54 97 -36 33 100 22 29 16 46 14 -14 -68 -63 36 59 30 -94 -63 -15 -9 45 -39 38 -28 -40 -84 -93 -98 1 -71 36 70 -49 18 1 46 36 -92 60 80 -70 92 -79 
13 7 7 49 -84 99 77 -62 -48 52 -4 24 -61 25 -80 -30 -48 -6 49 59 21 19 17 60 -32 -72 2 30 48 -74 44 -32 -2 -24 -92 -99 70 -50 -83 -90 -100 19 75 88 49 89 93 -10 66 48 -43 -82 7 71 -85 -42 -8 -83 99 -6 67 -48 91 -16 75 14 -23 -50 56 64 
-11 -32 25 14 -18 84 -74 43 75 -15 -93 92 20 8 -95 -75 -54 20 91 5 -61 -16 -33 -33 -96 81 -75 73 63 -88 30 34 -60 -61 73 -18 -83 10 80 -45 -56 -38 6 74 54 72 69 -46 -30 48 -51 -45 75 87 70 61 -90 -31 -82 25 50 -97 -58 22 -47 -44 86 -33 -43 77 
-80 -18 -49 1 66 -82 12 -24 -77 12 48 -82 -4 -34 84 -56 -80 -14 -11 42 56 94 62 -12 -45 -76 58 70 -5 23 -48 10 30 -40 21 12 45 57 -60 -7 -63 5 -28 -23 -68 -55 32 98 16 28 -38 99 -44 76 98 -95 -46 -93 -70 26 -4 -18 47 -44 8 -54 -96 -17 -28 94 
-40 -92 18 8 12 -19 43 93 -36 -39 42 -2 60 -70 57 100 100 81 -49 77 58 -99 -66 -5 82 -97 -77 -25 -54 -94 61 55 66 69 -89 33 80 43 42 -29 48 41 -17 -64 -38 -68 -46 -15 97 69 84 -76 7 -89 -96 -35 -72 -65 -77 82 -56 30 60 -10 29 8 -2 36 40 26 
-74 43 -88 49 -62 34 -82 73 30 1 21 -91 -89 -97 60 48 49 71 -22 -47 100 -16 -20 64 -84 -8 94 -1 77 36 -5 -91 -77 -6 16 -44 -14 -27 -55 -78 67 75 -36 17 -7 -16 -53 -9 4 46 -100 74 55 -71 32 -34 -53 84 -93 100 -51 -77 -48 -67 88 -40 -84 -91 -1 67 
-18 -27 -51 86 56 94 50 82 7 -45 -86 92 -44 59 81 50 60 56 80 -38 -92 -60 -70 71 61 -52 18 39 -55 1 -7 47 41 45 -43 34 96 33 53 -69 37 -99 -54 -8 -18 -54 -82 16 -55 -28 35 -42 45 60 34 -75 69 24 96 4 -7 32 -90 10 40 78 -14 -43 -37 40 
-39 14 77 -10 -71 -29 25 28 -17 9 2 36 -17 14 44 78 62 98 64 40 -35 8 -44 -92 36 95 42 -96 -45 -77 -70 93 88 91 69 -79 44 -1 23 88 -68 36 65 -18 41 3 95 -21 82 18 9 98 -83 -81 -92 -69 -55 -99 -73 87 -69 59 -82 -36 86 84 99 -45 -47 27 
-91 -98 -1 -63 -54 -100 -2 -98 75 24 -92 -25 -38 -24 25 65 -24 -42 62 73 -32 -34 -79 25 24 21 27 61 6 -79 7 -44 -14 48 -95 86 18 48 99 30 59 -80 -72 -99 -68 73 -91 43 -39 -42 89 -61 -59 13 11 29 44 97 55 -46 62 26 54 22 -77 -9 -71 -60 67 -53 
42 9 -91 79 -18 20 29 40 -44 72 54 -29 -12 51 -55 77 27 6 -60 -57 99 31 35 -66 -20 -75 44 23 40 -29 -25 -4 -15 -93 -94 34 -83 93 9 -87 19 -17 -71 -38 55 -22 46 88 36 -71 71 47 -82 -16 75 16 69 -72 -4 -45 -10 38 26 47 -19 93 -39 46 36 -92 
2 -19 91 90 46 13 7 7 49 -84 99 71 -38 -97 2 -26 -4 24 -61 25 -80 -30 -48 -6 49 59 21 19 17 60 -32 -72 -22 34 -79 19 -25 -98 77 -4 -92 -99 70 -50 -83 -90 -100 19 75 88 49 89 93 -10 66 48 -43 -82 7 71 -85 -42 -8 -83 99 -6 67 -100 -100 -48 
-28 -62 93 -59 -73 -20 -52 60 -90 74 43 46 21 -31 -57 43 75 -15 -93 92 20 8 -95 -75 -54 20 91 5 -61 -16 -33 -33 -96 81 -75 73 63 -88 30 34 -60 -61 73 -18 -83 10 80 -45 -56 -38 6 74 54 72 69 -46 -30 48 -51 -45 75 87 70 61 -90 -31 -82 25 50 -97 
-58 22 -47 -44 86 -33 -43 77 -42 20 8 39 91 -27 74 -44 39 -16 -57 -28 26 -56 93 -37 8 2 16 40 31 -8 -40 -87 52 76 30 81 -97 -95 -64 95 -1 8 -77 84 -25 -42 33 19 -32 94 73 6 48 -85 66 -27 -9 -27 55 22 -62 -100 74 -33 37 61 52 -30 28 84 
-38 77 -44 20 -93 51 92 58 -24 -82 24 44 -95 93 -19 43 93 -36 -39 42 -2 60 -70 57 100 100 81 -49 77 58 -99 -66 -5 82 -97 -77 -25 -54 -94 61 55 66 69 -89 33 80 43 42 -29 48 41 -17 -64 -38 -68 -46 -15 -28 -11 -16 14 -72 86 -12 5 91 -100 60 -11 12 
-68 -16 -42 -52 43 -16 -18 -63 -14 -22 52 73 -100 -43 93 51 32 75 -10 36 37 -26 20 -43 25 100 97 7 -57 -58 -19 17 85 21 -60 -54 -85 92 -78 -17 84 -8 -50 -84 -89 -25 -81 15 36 -24 7 -56 88 -88 -19 18 -77 -68 15 -89 -74 -67 -91 -67 -84 84 -94 53 77 -76 
-5 35 -42 58 -48 -67 88 -40 71 11 69 67 63 -23 -21 -9 -66 -33 53 24 -80 33 38 -98 30 -5 -55 95 -45 3 54 38 28 27 11 -73 -15 -41 -76 41 -13 -78 35 25 59 -54 30 42 62 -58 31 68 -24 47 36 -87 -100 -84 99 -88 -18 60 98 1 92 -21 -90 -86 86 -71 
-57 69 -58 30 -11 -57 100 -34 17 29 -9 -84 -64 40 88 -45 38 -96 -82 77 -92 -51 -12 63 -80 98 5 -3 33 -43 93 17 25 -76 -17 -71 70 71 -80 -9 -44 46 -92 53 49 -81 -9 -93 6 -64 -48 93 28 -9 100 -91 67 -12 80 81 55 -9 78 -72 -42 -82 -85 -38 -9 54 
-91 -66 28 -38 -84 -60 -67 37 87 -87 -95 -62 -30 47 -98 -67 -61 77 -1 5 -29 30 31 87 -48 -99 26 -67 -67 -75 -24 -87 -10 26 -29 16 -94 -47 12 83 -44 98 -7 63 -48 82 53 82 16 54 6 -66 32 1 -10 -36 -92 -50 -36 -38 99 47 -42 85 8 -55 50 -29 48 -30 
15 -28 95 -1 -1 -80 -25 33 -18 9 71 -34 13 -28 89 73 27 16 -89 -94 -82 39 -53 -93 -59 52 -81 7 36 -50 -65 -90 33 17 -87 25 -5 -12 49 27 -72 27 87 -54 -96 -68 -38 -53 33 -79 90 63 -31 73 29 57 -74 48 32 10 -68 -40 -21 83 100 -38 100 -98 -11 59 
58 4 69 -98 8 -23 -71 -88 -86 35 84 -80 -99 -93 -45 -53 84 27 -38 96 21 59 -47 -97 -2 80 -98 -64 11 39 -9 17 -38 26 -86 -1 95 -6 84 -45 97 -1 93 26 31 75 -38 -36 64 -61 86 7 -57 99 -13 69 33 28 -31 -36 20 -97 -84 -88 68 57 -68 -90 88 -45 
-75 98 -61 44 -61 -96 -85 40 -82 -63 43 52 13 98 -55 28 76 98 62 78 98 -61 -91 0 22 2 97 -44 33 -55 -89 2 92 -67 21 -45 -77 29 100 31 72 -93 44 -96 -4 -92 59 34 34 39 -23 -60 -10 -96 -38 61 34 -83 -49 -61 -52 -83 100 43 -94 -94 -36 74 90 -64 
-73 -42 70 64 51 -80 47 -50 -1 57 46 -69 41 62 -82 29 -36 63 -92 -21 -25 77 29 -92 -49 26 57 1 23 -14 -78 74 -60 -84 -26 -78 8 -49 -74 -8 42 -37 75 19 48 80 -25 5 86 -69 -84 43 65 -20 9 -80 20 -57 -99 59 -54 1 24 62 -61 96 66 40 -39 80 
26 68 -6 42 -82 10 -49 -87 20 50 -37 -47 44 92 -70 70 1 -36 -6 90 16 62 86 92 42 94 -1 -79 75 17 93 -55 5 89 -43 -14 -14 44 -83 -82 9 -74 -37 52 -58 51 61 -78 33 -31 93 -5 -39 95 86 -9 -18 66 23 94 -72 -53 -98 -86 -72 12 17 60 74 24 
-36 4 2 -80 84 -39 8 56 -17 -66 -91 90 52 -87 4 -33 40 -27 43 -52 93 68 14 -73 -31 -67 -85 56 56 30 -80 -9 12 57 59 -65 -89 -70 64 43 56 90 -20 85 38 -58 -13 -65 75 24 85 38 -86 55 79 -47 75 84 -93 55 -9 -60 52 -51 1 0 91 56 -6 -78 
-81 24 -51 8 67 -91 34 -69 89 -41 5 -60 71 56 72 4 -23 1 81 25 -9 -77 -87 -16 20 92 4 -83 -70 -92 49 39 -44 -47 30 -23 -4 -33 -60 -77 -14 83 57 -4 -88 -69 20 76 -32 -23 99 49 -33 -85 30 -32 -12 37 -16 -26 -9 68 -18 52 38 -49 -61 73 -57 31 
55 -8 -50 -76 28 -17 8 -5 83 -1 97 44 78 62 98 64 40 -35 22 33 -28 -73 -41 -34 32 -32 20 23 -30 85 57 -45 -5 -51 -22 -70 19 48 37 -86 -9 -86 -57 -55 -60 29 4 74 -11 75 -40 -99 46 -8 15 -95 -80 70 1 46 -62 93 -98 -38 6 26 46 -67 16 25 
-19 96 -93 -53 50 24 -92 -25 -38 -24 25 65 97 56 -65 -52 -84 89 25 -45 -70 -62 34 99 91 -63 21 -44 -25 -1 -27 -60 -75 60 -73 -42 49 -31 -5 -18 8 19 4 -90 42 47 -16 -78 -62 12 -100 67 -19 7 79 99 17 52 51 49 -17 -59 20 -22 51 11 93 -64 -81 76 
37 75 -64 -75 -21 -89 25 92 8 -98 -66 -58 -97 13 -87 -56 34 -10 -10 -48 -5 -57 73 -95 93 -62 -99 54 97 -36 33 100 22 29 16 46 14 -14 -68 -63 36 59 30 -94 -63 -15 -9 45 -39 38 -28 -40 -84 -93 -98 1 -71 36 70 -49 18 1 46 36 -92 60 80 -70 92 -79 
13 7 7 49 -84 99 77 -62 -48 52 -4 24 -61 25 -80 -30 -48 -6 49 59 21 19 17 60 -32 -72 2 30 48 -74 44 -32 -2 -24 -92 -99 70 -50 -83 -17 -75 19 -70 29 -36 42 75 19 -46 65 -1 87 68 67 -17 -31 82 13 -10 67 -100 -38 -31 -41 27 51 80 -28 -76 -39 
-32 25 14 -18 84 -74 43 75 -15 -93 92 20 8 -95 -75 -54 20 91 5 -61 -16 -33 -33 -96 81 -75 73 63 -88 30 34 -60 -61 73 -97 -84 -5 -83 -23 51 76 54 -68 -38 -36 -51 -34 30 80 -25 -83 21 -10 49 94 -52 67 89 -42 35 -72 -79 -35 39 -79 -23 65 -78 -70 -80 
-18 -49 1 66 -82 12 -24 -77 12 48 -82 -4 -34 84 -56 -80 -14 -11 42 56 94 62 -12 -45 -76 58 70 -5 23 -48 10 30 -40 21 12 45 57 -60 -7 -63 5 -28 -23 -68 -55 32 98 16 28 -38 99 -44 76 98 -95 -46 -93 -70 26 -4 -18 47 -44 8 -33 -81 90 38 50 -90 
-92 18 8 12 -19 43 93 -36 -39 42 -2 60 -70 57 100 100 81 -49 77 58 -99 -66 -5 82 -97 -77 -25 -54 -94 61 55 66 69 -89 33 80 43 42 -29 48 41 -17 -64 -38 -68 -46 -15 97 69 84 -76 7 -89 -96 -35 -72 -65 -77 82 -56 30 60 -10 29 8 -2 36 40 26 -74 
43 -88 49 -62 34 -82 73 30 1 21 -91 -89 -97 60 48 49 71 -22 -47 100 -16 -20 64 -84 -8 94 -1 77 36 -5 -91 -77 -6 16 -44 -14 -27 -55 -78 67 75 -36 -66 -10 88 3 -77 19 37 -76 25 -19 0 32 -34 -53 84 -93 100 -51 -77 -48 -67 88 -40 -84 -91 -1 67 -18 
-27 -51 86 56 94 50 82 7 -45 -98 92 -44 59 81 50 60 56 80 -38 -92 -60 -70 71 61 -52 18 39 -55 1 -7 47 41 45 -43 34 96 33 53 -69 37 -99 -54 -8 -18 -54 -82 16 -55 -28 35 -42 45 60 34 -75 69 24 96 4 -7 32 -90 10 40 78 -43 -69 97 40 -55 
-3 99 -53 -22 39 -81 7 -22 -99 72 -47 97 -62 91 -8 -64 63 -39 -63 -44 -92 36 95 -41 -34 32 -32 20 23 93 88 91 57 -45 -5 -51 -22 23 88 -68 36 37 -86 -9 -86 3 95 -21 82 18 9 98 -83 -81 -92 -69 -55 -8 15 -95 -80 70 1 46 -62 93 -98 -38 6 26 
46 -67 -98 -1 -63 47 96 9 1 50 -7 -21 65 65 26 77 97 -28 -35 36 55 -43 -64 52 -10 -34 57 27 61 6 88 -52 44 -14 48 -95 86 18 48 99 30 59 -80 -72 -99 -68 73 19 4 -90 42 47 -16 -78 -59 13 11 29 44 97 55 -46 99 17 52 54 22 -77 -9 -59 
20 -22 51 -53 42 9 -91 79 -18 20 75 -64 -75 -21 -89 25 92 8 51 -55 77 27 -97 13 -87 -57 99 31 35 -66 -20 -75 44 23 40 -29 -25 -4 -15 -93 -94 34 -83 93 9 -87 19 -17 -71 -38 55 -22 46 88 36 -71 71 47 -82 -16 75 16 69 -72 -4 -45 -10 -71 36 -64 
47 -19 93 -39 36 92 2 -19 91 -79 36 91 -60 -37 81 -91 84 77 -62 -48 52 73 91 70 47 -46 23 -48 8 34 9 40 -31 26 -13 73 -7 84 -22 35 -79 19 -25 24 77 -4 -14 52 48 -71 -97 -45 13 -68 -25 -68 58 -67 -34 16 70 43 80 -75 -37 -77 -53 25 58 29 
34 67 -100 -48 -100 -38 -31 -41 27 51 80 -28 -76 -39 -2 -46 43 -100 -4 -31 -57 5 65 -13 -42 99 -11 93 40 5 -65 22 -12 -13 100 59 15 -36 -62 68 -53 -85 -74 -67 94 47 2 97 22 -65 -33 34 81 -64 -5 -52 57 32 -83 72 11 -22 -55 6 -91 -17 -12 -44 95 -71 
72 5 82 66 59 -50 96 24 -68 -1 -88 -82 -24 -93 -80 -18 -49 1 66 -82 12 -24 -77 12 48 -82 -4 -34 84 -56 -80 -14 -11 42 56 94 62 -12 -45 -76 58 70 -5 23 -48 10 30 -40 21 12 45 57 -60 -7 -63 5 -28 -23 -68 -55 32 98 16 28 -38 99 -44 76 98 -95 
-46 -93 -70 26 -4 -18 47 -44 8 -33 -81 90 38 50 -90 -86 24 44 -95 93 78 -39 -55 19 -100 54 85 -87 -24 38 70 100 -65 75 -52 -28 55 -56 8 -2 -6 14 -4 -90 33 28 -98 -2 25 -30 90 93 42 -21 -90 -99 -82 2 -49 21 73 -64 -85 -28 -11 -16 14 -72 86 -12 
5 91 -100 60 -11 83 30 60 -10 29 -52 43 -2 36 40 26 -22 52 73 -100 -43 93 51 32 75 1 21 -91 -89 -97 60 48 49 71 -22 -47 100 -16 -20 64 -84 -8 94 -1 77 36 -5 -91 -77 -6 16 -44 -14 -27 -55 -78 67 75 -36 17 -7 -16 -53 -9 4 46 -100 74 55 -71 
-84 22 77 -34 -53 84 -93 -81 35 -42 58 1 27 96 71 11 69 67 63 -18 -27 -51 86 56 94 50 82 7 -45 -86 92 -44 59 -78 28 -45 3 54 38 28 27 11 -73 -15 -41 -76 41 -13 -78 35 25 59 -54 30 42 62 -58 31 68 -24 47 36 -87 -100 -84 99 -88 -18 60 98 
-3 -46 -53 -22 39 -81 7 -22 -99 93 -47 97 -62 91 -8 -64 63 -39 -63 -44 -28 -73 30 42 -96 -45 -77 -70 23 88 91 57 -45 -5 -51 -22 99 19 48 60 65 -18 41 3 95 -21 82 18 9 98 -83 -81 -92 -69 -55 -99 -73 87 -69 59 -82 46 -62 93 -98 -38 6 26 46 -67 
-98 25 -19 -54 -100 -2 -98 75 10 -13 65 26 77 97 -28 -35 36 55 -43 -64 52 -10 -34 57 27 61 6 88 -52 44 -14 48 -95 86 18 48 99 30 49 -69 61 16 46 14 -17 -71 -38 55 -22 46 88 36 -71 71 47 -82 -16 75 16 69 -72 -4 -45 -10 38 26 70 -49 18 92 
59 -30 34 60 80 -70 90 -79 36 91 -60 -37 81 -91 84 77 -62 -48 52 73 91 70 47 -46 23 -48 8 34 9 40 -31 26 -13 73 -7 84 -22 35 -79 19 -25 24 77 -4 -14 52 48 -71 -97 -45 13 -68 -25 -68 58 -67 -34 16 70 43 80 -75 -37 -77 -53 25 58 29 34 67 
50 -38 91 -16 -41 27 51 80 -28 -76 -39 -2 -46 43 -100 -4 -31 -57 5 65 -13 -42 99 -11 93 40 5 -65 22 -12 -13 100 59 15 -36 -62 68 -53 -85 -74 -67 94 47 2 97 22 -65 -33 34 81 -64 -5 -52 57 32 -83 72 11 -22 -55 6 -91 -17 -12 -44 95 -71 72 5 82 
66 59 -50 96 24 -68 -1 -88 -82 -24 -93 -80 -18 -49 1 66 -82 12 -24 -77 12 48 -82 -4 -34 84 -56 -80 -14 -11 42 56 94 62 -12 -45 -76 58 70 -5 23 -48 10 30 -40 21 12 45 57 -60 -7 -63 5 -28 -23 -68 -55 32 98 16 28 -38 99 -44 76 98 -95 -46 -93 -70 
26 -4 -18 47 -44 8 -33 -81 90 38 50 -90 -86 24 44 -95 93 78 -39 -55 19 -100 54 85 -87 -24 38 70 100 -65 75 -52 -28 55 -56 8 -2 -20 14 -4 -90 33 28 -98 -2 25 -30 90 93 42 -21 -90 -99 -82 2 -49 21 73 -64 -85 -28 -11 -16 14 -72 86 -12 5 91 -100 
82 -56 12 -68 -16 -42 -52 43 -2 36 40 26 -22 52 73 -100 -43 93 51 32 75 1 21 -91 -89 -97 60 48 49 71 -22 -47 100 -16 -20 64 -84 -8 94 -1 77 36 -5 -91 -77 -6 16 -44 -14 -27 -55 -78 67 75 -36 17 -7 -16 -53 -9 4 46 -100 74 55 -71 -84 22 77 -34 
-53 84 -93 -81 35 -42 58 1 27 96 71 11 69 67 63 -18 -27 -51 86 56 94 50 82 7 -45 -98 30 -5 -55 81 50 60 56 80 -38 -92 -60 11 -73 -15 -41 -76 41 -13 -78 35 25 59 -54 30 42 62 -58 31 68 -24 47 36 -87 -100 -84 99 -88 -18 60 98 1 92 -21 -90 
-86 86 -71 -2 16 25 -94 32 -90 10 40 78 -45 -69 -37 40 -55 -24 -29 -27 79 40 16 -17 -12 33 45 -61 42 93 4 25 -88 -56 -42 -42 -33 -76 -57 65 99 -77 77 -67 5 6 -34 84 -56 -75 7 -9 52 88 -45 38 59 77 64 77 -92 -51 -12 63 -80 -10 41 20 25 63 
90 14 77 -9 -71 -29 25 28 -17 9 2 36 -17 14 44 78 62 -64 58 -5 -63 -44 -92 36 95 42 -96 -45 -77 -70 93 88 91 69 -79 44 -1 23 88 -68 36 65 -18 41 3 95 -21 82 18 9 98 -83 -81 -92 -69 -55 -99 -73 87 -69 59 -82 -36 86 84 99 -45 -47 27 -91 
-98 25 -63 -54 -100 -2 -98 75 24 -13 62 26 77 97 76 -24 -42 62 73 -32 -34 -79 25 24 21 34 -51 91 88 -52 44 -14 48 -95 86 18 48 99 30 59 -80 -72 -99 -68 73 -91 43 -39 -42 89 -61 -59 13 11 29 44 97 55 -46 62 26 54 22 -77 -9 -71 -60 67 -53 42 
9 -91 79 -18 20 29 40 -44 72 54 -29 -12 51 -55 77 27 6 -60 -57 99 31 35 -66 -20 -75 44 23 40 -29 -25 -4 -15 -93 -94 34 -83 93 9 -87 19 -17 -71 -38 55 -22 46 88 36 -71 71 47 -82 -16 75 16 69 -72 -4 -45 -10 78 -64 72 -19 93 -39 -30 34 92 2 
-19 91 90 46 13 7 7 49 -84 99 71 -38 -97 2 -26 -4 24 -61 25 -80 -30 -48 -6 49 59 21 19 17 60 -32 -72 -22 30 48 -74 44 -32 -2 -24 -92 -99 70 -50 -83 -90 -100 19 75 88 49 89 93 -10 66 48 -43 -82 7 71 -85 -42 -8 -83 99 -6 67 50 -48 -28 -62 
93 -59 -73 -20 -52 60 -90 -32 25 14 -18 84 -74 43 75 -15 -93 92 20 8 -95 -75 -54 20 91 5 -61 -16 -33 -33 -96 81 -75 73 63 -88 30 34 -60 -61 73 -18 -83 10 80 -45 -56 -38 6 74 54 72 69 -46 -30 48 -51 -45 75 87 70 61 -90 -31 -82 25 50 -97 -58 22 
-47 -44 86 -33 -43 77 -42 20 8 39 91 -27 74 -44 39 -16 -57 -28 26 -56 93 -37 8 2 16 40 31 -8 -40 -87 52 76 30 81 -97 -95 -64 95 -1 8 -77 84 -25 -42 33 19 -32 94 73 6 48 -85 66 -27 -9 -27 55 22 -62 -100 74 -33 37 61 52 -30 28 84 -38 77 
-44 20 -93 51 92 58 -24 -82 24 44 -95 93 -19 43 93 -36 -39 42 -2 60 -70 57 100 100 81 93 77 58 -99 -66 -5 82 -97 -77 -25 -54 -94 61 55 66 69 26 33 80 43 42 -29 48 41 -17 -64 -38 -68 -46 -15 97 69 84 -33 75 -89 86 -12 5 91 -100 60 -11 12 -68 
-16 -42 -52 43 -16 -18 -63 -14 -22 52 73 -100 -43 93 51 32 75 -10 36 37 -26 20 -43 25 100 97 7 -57 -58 -19 17 85 21 -60 -54 -85 92 -78 -17 84 -8 -50 -84 -89 -25 -81 15 36 -24 7 -56 88 -88 -19 18 -77 -68 15 -89 -74 -67 -91 -38 11 84 -94 53 77 -76 23 
67 -35 -98 -21 -9 -66 -33 53 24 -80 33 38 -98 30 -5 -55 95 -45 3 54 38 28 27 11 -73 -15 -41 -76 41 -13 -78 35 25 59 -54 30 42 62 -58 31 68 -24 47 36 -87 -100 -84 99 -88 -18 60 98 1 92 -21 -90 -86 86 -71 -2 16 25 -94 21 49 66 -31 -45 -14 -41 
97 -23 73 98 -21 -10 -56 -99 10 19 -50 17 -94 20 -53 -11 -57 100 -34 17 29 -9 -84 -64 40 88 -45 38 49 -92 77 -92 -51 35 -7 66 -10 41 20 -56 22 88 70 -94 -19 -12 31 -87 61 -82 23 42 -22 35 -45 -91 12 72 -84 -52 49 51 -54 -74 88 -16 -17 50 95 100 
37 -43 59 47 -19 -34 97 -69 49 75 -23 62 77 80 -99 -23 -24 73 -48 -61 66 33 70 -78 -48 46 -93 -60 -80 11 45 -33 35 -8 80 33 -56 -14 95 40 -84 32 -68 22 -44 -25 -66 52 38 80 63 -32 19 47 -12 21 -76 -96 -77 3 -13 72 -60 -46 -60 -59 80 -56 -29 -41 
59 -79 37 36 -68 35 86 24 -18 33 36 75 33 -4 -88 -49 -80 -100 65 60 64 -34 13 -22 -98 42 -13 -23 -88 -41 28 77 25 53 50 50 12 -74 58 66 -9 -69 -29 1 63 62 93 39 -39 50 -8 58 65 41 -9 -34 -38 -23 -89 32 -67 -17 63 87 16 -29 -83 15 37 -53 
-79 45 17 -40 -21 80 -42 -32 56 -46 -95 -47 -66 -12 -57 -70 20 -84 -50 9 -57 4 99 -67 -92 -25 1 78 38 41 -8 -97 -50 -51 -75 -73 97 -4 78 -2 72 -93 -19 83 -42 18 -1 -61 50 -72 16 56 -18 -62 31 -81 68 -58 95 -95 -16 2 -38 -93 5 77 18 -64 28 92 
48 -54 -29 -95 63 47 60 -17 36 24 58 -1 -17 -56 -12 -35 -82 8 -19 100 43 37 -50 44 -55 -29 25 2 -39 86 29 -73 91 22 -58 -56 -44 -96 -90 23 97 45 27 3 -22 33 -55 -89 -64 72 -89 -26 81 -77 -37 -25 79 -39 -84 -77 -24 73 -84 -5 29 30 92 77 85 -26 
38 61 67 -39 -6 -14 -79 87 70 92 57 -19 -44 -6 -38 59 26 37 1 39 83 -81 8 79 87 42 36 -49 72 -97 57 -82 -16 -23 80 9 66 4 70 -55 3 -41 70 -30 79 36 28 -77 -97 -16 4 -10 45 48 80 18 -78 -69 -84 21 71 45 -98 -63 68 96 -66 -38 73 -37 
-7 3 -17 17 -11 -32 32 -35 39 41 71 -25 50 26 -97 -18 35 -66 -29 -18 -59 91 -81 -2 -6 -74 81 70 -12 -50 -94 97 18 23 -20 -27 58 -53 -51 -92 -48 74 -63 85 -36 43 32 40 23 -26 -98 16 -58 -69 79 -10 -16 -32 11 25 48 -36 69 8 -68 19 57 78 -90 100 
