90
52 -3 98 -15 66 15 -63 -45 -88 -39 73 76 -11 40 42 28 68 -26 -29 -4 72 -6 85 40 -52 -94 -16 -26 -72 -23 -26 -95 -6 -90 -55 14 -8 -72 99 -27 -10 64 57 -14 37 -4 2 93 -88 -46 56 -57 -12 -30 71 -98 -15 -14 9 -81 -52 21 78 -52 -96 -48 -91 -19 27 32 73 14 41 18 -76 -65 88 -35 -92 -71 -30 -7 15 -88 -11 44 22 -53 -15 9 
-68 36 -48 -24 -6 -32 68 21 -55 -53 92 -92 56 38 19 -95 81 14 94 40 27 20 -7 -4 13 -21 -99 -14 86 -91 -15 -29 -65 -89 17 7 8 23 -42 -72 -51 66 92 -90 -7 66 -50 -61 -51 68 -79 78 91 56 44 19 93 -6 4 -30 17 15 -6 -29 63 31 -98 55 82 23 22 -11 -23 33 -33 51 -45 68 53 29 -92 27 1 -3 -35 49 -84 -79 -29 38 
-70 92 35 -13 -80 -65 76 -82 94 93 -64 -75 43 -12 -45 29 -9 36 79 -35 0 -39 -55 -49 -30 32 22 11 -63 -39 100 -79 0 45 -73 11 84 35 33 -54 -40 67 -8 46 -4 -81 -100 96 -99 75 1 94 -65 -72 81 -79 41 -29 44 78 -76 47 63 -51 -3 94 -59 -5 -63 -45 7 -28 81 -82 -37 88 31 32 -76 -12 -34 24 -82 69 -69 -20 31 -17 88 -1 
100 9 -60 0 79 90 -74 3 23 11 14 58 -43 28 -100 -51 57 81 -59 -97 20 -52 10 -11 21 93 9 -80 38 57 -35 36 -77 -64 98 -40 9 -67 81 -7 22 60 -73 28 39 49 4 -54 89 -78 -85 -3 93 -94 -94 -16 39 93 7 -4 6 -82 95 -57 -30 14 42 42 -34 -73 -86 -68 -98 85 43 75 -12 41 -75 -45 -30 95 -53 24 -18 -46 -53 4 0 27 
84 85 31 61 -9 -81 2 92 89 43 -45 -18 -2 86 -72 33 52 0 -13 -89 29 -64 53 19 -40 -39 82 -55 71 63 8 69 -81 82 23 -40 58 -44 -12 90 -74 78 -70 76 58 -87 -33 -9 90 38 -53 -16 64 55 15 62 -44 -21 82 45 67 80 87 -83 9 -83 96 58 -87 -13 93 93 34 93 -94 -14 4 72 12 -15 26 60 -63 -12 84 -55 72 -67 -65 40 
2 -80 23 -71 5 -35 -40 -16 83 -46 98 -69 65 11 78 20 87 83 70 64 44 -14 92 88 33 74 82 42 -47 -98 -12 12 44 31 18 -34 -49 -81 69 88 -99 53 -31 0 -30 84 -25 75 -20 60 26 48 70 -60 -17 -49 -12 92 1 8 100 -25 -80 -86 28 -92 51 -16 50 -39 -96 -76 -26 100 38 -97 -72 21 -75 -98 -45 -89 -31 81 -50 97 38 -19 -21 -28 
88 91 11 13 25 -14 70 -31 -1 72 68 -89 89 -31 75 84 -50 -89 -58 40 84 64 -26 42 -38 -47 36 86 -53 -71 80 -94 53 10 -69 68 68 -38 76 84 56 -24 45 -10 -77 -68 48 90 -86 -66 41 56 -15 73 -21 25 -40 -90 -26 14 -45 -30 3 25 31 -89 46 53 -11 71 89 9 -37 18 -73 -83 70 -82 -83 -76 42 -70 -17 19 53 49 65 -31 -94 90 
25 23 89 33 -87 -79 16 81 -33 29 -33 -76 -95 -34 -57 -57 -80 -14 78 75 45 45 21 44 -44 81 55 92 -53 46 -97 -77 63 47 12 -38 -86 -74 -8 0 86 -57 84 -89 -93 5 21 -6 23 53 -45 65 -96 43 86 96 25 7 89 6 -45 81 -10 34 68 -39 -62 -99 10 -81 -38 26 33 -78 -91 -22 -44 -45 1 80 28 -82 -6 72 -39 70 -49 -76 34 68 
-95 32 -53 -37 -31 42 7 -29 -3 -54 -93 -9 53 84 75 87 -40 -69 72 7 -31 92 16 -52 39 10 31 90 9 -16 -37 -50 64 -65 64 89 3 -71 40 -37 -61 -21 8 35 66 -13 -90 40 -99 -74 61 84 -95 -22 35 -98 96 83 2 -60 14 -40 52 33 -18 40 45 1 -85 -76 73 57 -69 -86 -85 96 -100 -24 -67 73 40 92 -56 5 -48 -40 -70 52 12 -25 
42 -20 -90 -38 76 -48 -40 4 -54 -8 74 -50 4 65 66 6 24 -32 39 70 76 -36 -20 51 46 8 82 87 16 -34 -39 50 74 -52 26 -29 67 10 -84 -71 -52 55 -10 58 -85 51 18 -76 -22 -46 -95 99 49 -53 53 -7 90 93 60 21 92 14 63 -83 4 -70 64 -13 -59 -14 -98 24 -76 35 56 -31 75 -9 -96 -25 70 -15 -51 86 -56 -89 -27 -57 -13 97 
-32 50 -83 80 -68 85 -84 72 55 19 -14 -68 12 38 -49 -45 -50 -16 -5 -53 60 -35 96 -73 99 2 59 -2 68 -42 -79 -19 -88 71 -50 -83 -65 -18 -45 -48 -88 -18 -63 -41 -48 95 -14 -58 18 -61 -59 -73 -73 -57 47 75 -18 30 -1 98 26 89 55 36 -67 81 67 65 57 90 0 60 43 -4 -23 -87 83 4 18 29 -9 -5 13 7 17 -47 81 87 96 36 
-88 -98 32 -70 -47 -17 72 74 91 22 89 12 74 -2 -6 86 47 -18 -34 -66 1 -21 29 75 74 -83 -89 -20 70 21 16 -86 -43 28 36 -28 68 -61 -44 2 -99 -32 -57 -53 -17 -24 72 -88 19 -62 56 -28 81 63 6 -17 -91 34 -76 -33 84 -44 -53 -52 -67 43 36 75 25 24 -61 -38 -48 -18 62 45 80 -1 6 -20 -90 60 73 -12 33 30 -19 61 -81 -58 
68 17 27 73 65 -30 2 31 3 -94 -72 54 72 -4 65 66 17 81 -37 -26 95 92 37 -19 5 56 77 42 53 -74 -26 -100 42 50 4 -14 94 -73 -76 -71 66 78 43 -75 -60 -36 -65 89 -7 -64 -34 -7 68 -46 91 52 86 98 -40 15 -64 -43 -80 -56 77 -63 -46 51 48 67 83 -16 97 10 -62 23 70 -95 21 70 42 -69 -45 -97 95 68 -94 40 -29 -13 
-59 -2 26 -25 93 9 1 -78 -27 -43 -83 -94 44 -50 40 -56 13 100 83 85 40 -1 -53 -59 54 -66 33 93 45 -100 40 83 72 -64 -11 -52 -21 2 8 85 -26 -70 22 100 30 -73 -61 -36 -43 -19 -29 -67 81 76 22 -25 -92 -17 71 -68 -71 -2 -61 -43 -57 84 -95 -20 -81 35 61 70 83 50 23 -76 19 1 -29 91 31 -32 28 -20 -17 91 -53 64 45 19 
58 -51 -28 -34 71 -80 -46 66 -66 38 -5 -91 -89 43 19 -12 -95 90 -17 87 82 95 -87 16 83 86 84 -78 -16 75 -17 -14 -34 -36 76 98 -77 81 21 52 64 -19 39 -85 76 67 83 -3 84 -58 21 -75 91 81 55 -58 -63 22 -89 -16 -87 51 47 47 48 37 80 -80 42 -19 86 -39 -55 44 -58 -52 63 -55 -49 80 -18 16 -50 86 95 -51 -39 43 7 -67 
34 -69 27 -21 41 -72 -98 12 63 41 -79 37 82 91 69 -53 70 79 12 -96 -18 33 9 35 16 -21 65 -39 77 -87 -65 76 7 -70 -95 8 -85 -3 -26 -79 40 -43 -94 15 27 -78 36 -39 67 -89 -22 -97 -20 59 -69 32 -91 60 96 -74 18 -12 84 6 -53 56 -1 35 -83 -58 78 -8 82 -77 -41 -2 -78 1 -88 93 -52 50 28 -13 51 2 76 24 64 82 
99 -8 6 30 -89 -93 -47 29 -86 53 34 99 -72 -89 -22 -20 50 -30 41 -79 -83 -73 31 28 65 8 62 -6 -6 -32 4 75 82 10 -7 -78 36 -53 3 91 -62 -2 48 19 -53 28 -62 93 20 19 -62 -71 36 -94 57 74 -12 28 73 -11 -41 -55 -63 -31 79 -37 51 -96 -10 -41 -93 89 -80 -68 -65 87 -4 41 -31 -63 -91 7 -33 -2 75 -78 -48 -93 90 -75 
-2 60 44 82 50 -85 -67 58 85 88 -30 -72 -45 83 81 95 52 78 68 22 -41 -41 -74 27 47 35 41 -97 -96 -1 90 -2 46 38 -61 96 37 -97 97 -71 -96 -6 -87 64 99 44 -60 41 -71 32 71 -60 10 97 48 -25 68 7 -20 74 56 100 21 -94 65 92 -61 -15 -67 22 -28 -47 -5 -87 47 16 -54 -70 -64 81 -85 -10 3 -18 53 -62 25 -79 33 -68 
-56 -2 41 -32 47 31 -21 -59 -37 -37 29 -55 -18 98 29 79 59 0 45 24 -93 13 91 -41 55 -33 99 73 -1 -98 60 13 59 -57 -64 -14 -14 43 29 67 -98 -25 -87 -30 69 28 -10 -25 60 65 -36 85 -41 80 -29 -78 10 -12 -58 49 -47 -74 -7 68 88 -51 -34 47 76 85 -1 0 -44 73 -30 63 90 44 -69 32 -56 -93 24 35 -53 20 19 12 43 67 
-92 -68 10 31 -40 -71 8 -19 91 53 -47 -12 -61 -87 100 58 -39 -53 45 2 57 89 85 23 80 79 20 62 34 21 -99 -64 -40 -69 58 -81 60 -4 -34 21 -85 16 68 -27 -27 54 -58 -15 -31 54 -69 53 39 -44 -28 -34 -98 -4 -32 74 23 81 87 92 -89 -48 -6 100 -42 77 63 34 -99 97 -39 -39 -82 29 59 17 76 -81 -47 -76 -83 -98 -95 65 -58 -37 
-70 -33 -31 -65 -30 -71 43 8 -31 35 61 -25 57 -46 12 -94 -82 65 -88 -70 -26 15 87 -89 -96 -8 17 -70 -24 -67 72 -32 93 45 67 56 -8 29 60 -94 57 97 -37 22 66 82 -50 -85 45 23 -25 1 0 -54 40 -65 43 3 44 -70 -19 -95 57 74 -7 19 68 -56 11 69 42 25 -96 93 -3 -98 -65 -100 6 42 -83 11 -28 37 -4 -87 -36 50 67 -28 
6 -19 13 2 -20 31 -52 -6 24 40 1 94 -43 44 85 -52 48 41 45 -86 25 100 -44 52 77 96 60 -81 33 -52 25 2 85 53 -60 30 -49 -49 -60 10 84 40 76 -6 -22 -22 66 35 78 10 55 82 -51 88 77 74 59 74 97 -80 -92 -61 91 73 -53 84 84 50 -100 70 76 -63 -57 -48 -5 -65 10 -88 39 -78 -16 61 24 18 -56 -23 6 98 50 -91 
3 53 83 -30 -61 48 2 82 -10 -36 -4 79 66 52 44 -52 97 97 82 -9 -12 54 14 -77 69 67 2 -98 57 -53 -44 -3 100 73 72 72 53 50 -42 54 -8 -83 11 -41 59 -65 40 -99 -36 79 -94 52 -12 71 60 -3 39 87 0 -28 67 -98 50 -89 85 -59 86 -59 51 -29 -51 28 -69 10 99 -69 -15 -33 -20 -39 -56 68 0 9 48 -78 89 95 -45 -84 
21 31 37 61 98 18 77 63 -20 53 22 -91 -19 64 81 -60 77 -17 -59 21 -34 93 57 32 24 -26 79 95 58 39 -70 -62 69 -16 -96 56 74 -54 -75 -54 40 99 40 92 -35 -18 22 -41 36 4 9 -46 42 65 22 -35 -1 -84 45 -42 4 58 51 86 -53 -17 -61 47 -93 57 -49 95 34 -23 -65 93 30 -53 21 -85 68 98 -48 26 30 88 -57 -30 -67 -75 
-50 54 -16 -66 58 55 88 -73 13 -18 72 -45 -50 -92 -28 34 7 5 -45 -55 -91 -86 -88 76 -94 20 34 12 31 -55 88 71 69 -60 100 88 -69 47 -93 -81 67 67 -66 30 -25 32 -74 -53 -34 -37 -19 -49 -97 55 81 7 -50 57 -94 -33 -100 83 66 -2 -77 -75 32 -21 -68 -47 -73 -99 -40 -66 -40 -36 -16 -29 36 64 93 -80 -70 -84 16 -98 -13 -79 -40 -19 
-39 83 91 -7 59 -96 51 -90 63 18 74 14 -33 -66 59 82 -58 -100 92 -87 75 -41 -87 15 -5 -98 15 100 75 -95 -3 -85 -53 55 5 -98 -15 38 66 98 -22 10 -100 84 -63 -100 -41 22 93 -15 -28 -95 -87 76 -1 3 -31 -79 -40 -17 -47 12 -31 -49 -83 48 -13 60 15 -6 -54 86 10 2 -55 -63 56 12 -97 -60 -53 37 81 72 -22 -66 -98 -26 35 92 
19 -8 75 37 33 -80 24 -93 -30 28 -72 -46 98 -69 69 33 -12 97 -8 -30 73 88 48 -49 79 -13 1 -48 13 -78 9 -26 -71 64 -96 -74 71 -25 -38 65 -19 1 -95 -36 84 11 -57 -49 74 97 -70 4 61 29 0 -75 55 39 -32 82 7 43 -18 -91 94 21 -66 46 100 -42 -87 53 70 -57 32 -78 -34 51 41 73 -68 25 -56 54 53 24 -19 -16 35 45 
-14 3 -43 -82 37 -94 -13 32 95 -3 67 -75 17 80 -22 21 43 81 62 26 -33 -49 14 -33 40 43 77 -95 -50 -41 -59 -7 -41 46 1 51 100 94 40 -99 -49 -37 80 -35 -78 -50 -40 -75 -73 13 44 62 -52 -16 -70 -18 57 57 49 -42 -50 60 59 61 -48 -6 23 -66 -18 -68 8 70 -83 -37 -44 -83 17 -68 98 -26 -29 53 -27 -23 58 78 -52 -65 -59 90 
-89 28 -48 -56 -78 -47 -33 20 -98 -58 83 -41 -5 42 98 44 61 89 -71 -79 -14 -77 -62 58 -8 -47 -29 -96 -60 6 -80 -37 -63 -90 100 -36 49 8 -29 17 69 -63 75 68 39 -47 -43 -96 -96 -20 42 38 1 22 39 -64 87 -24 86 35 -30 -98 -13 26 -55 18 -46 -41 33 -60 89 -70 -22 8 59 21 -28 -30 88 -76 -14 -9 34 25 -100 82 -56 -52 -16 68 
-62 -75 52 67 -60 -84 31 80 36 7 0 64 52 87 -36 78 -70 43 -10 -82 -34 -47 34 63 48 93 -54 17 0 47 54 21 63 -3 -40 100 53 -89 -59 -98 56 -92 -66 -11 -90 -2 58 -31 34 -67 -6 74 10 -87 -20 39 81 -45 -32 74 31 -21 94 -18 0 64 94 68 30 4 -7 -15 7 -6 -22 -15 28 52 60 59 82 75 -100 -7 -1 50 -16 60 26 9 
70 39 60 -75 -25 -35 78 -2 44 -80 64 -18 57 55 -96 -35 42 -45 47 -100 -2 79 -95 100 65 -44 -90 -25 13 -99 41 -83 89 -83 -4 45 -74 -41 96 -34 -74 -62 23 -27 72 -80 -50 -80 -23 -68 51 7 11 16 40 -43 78 59 -99 91 -93 -9 90 -95 -41 58 53 -75 100 -84 20 -72 98 -49 48 48 53 -85 60 -45 77 5 93 60 -57 89 -67 47 -27 3 
-9 73 -58 -89 100 3 -63 -67 -18 -39 22 -93 84 -91 -39 -5 78 -46 -77 -91 70 9 37 -95 24 39 25 -81 73 -41 -37 -77 45 -94 -23 -65 100 -77 -52 -41 38 -41 -1 -23 6 26 99 -17 -81 20 45 -54 22 22 96 -10 -39 74 -68 83 38 -40 31 8 78 19 -50 -36 63 38 6 -75 -42 -49 -32 88 -4 -5 -56 -52 -21 -8 79 77 -55 66 44 -32 89 -77 
-27 3 85 -64 -99 65 -41 -3 -62 6 84 20 25 94 40 49 98 -77 94 -37 -8 -95 38 -88 -51 -83 -95 76 91 -100 -70 -73 -92 8 49 -90 2 -48 -6 -41 -34 -56 4 -6 -100 2 15 25 -45 -66 -43 -70 83 -30 -90 -55 -23 25 -10 -85 -57 -31 54 80 40 96 86 -93 -82 -54 -44 -40 49 -58 77 23 -7 -18 -91 -41 -83 -52 -86 19 11 -61 -58 -21 -92 69 
15 -49 -4 10 53 83 23 2 21 89 -70 61 90 14 -36 27 -26 7 -13 69 -9 74 1 -91 -19 55 -3 18 -71 -47 -46 -28 -86 -58 72 54 33 9 98 7 39 -5 -76 -66 80 -100 -88 -1 100 6 6 -14 100 21 95 70 20 77 39 -54 75 3 -57 95 2 72 97 95 -26 -75 86 12 13 59 91 2 -11 -41 93 -88 65 -39 28 -53 21 -50 33 -93 -37 58 
-57 73 -89 -19 -48 82 41 -65 -25 88 -95 25 69 51 1 90 55 26 42 -20 -1 18 38 60 31 73 13 -81 -97 70 -59 67 95 5 -12 -13 91 93 19 41 -10 68 55 -18 -54 -71 -79 18 -3 67 -50 -99 -29 36 76 28 81 53 -29 16 -86 -24 -58 -3 -19 -21 91 72 -82 -13 53 -38 -52 -65 -3 20 -61 82 88 -86 57 -32 35 68 -28 77 76 -62 23 -38 
-97 -28 14 83 -80 59 41 26 29 -42 75 56 100 98 -23 -40 -62 8 -78 93 -42 10 -68 75 20 32 39 -54 20 71 21 99 -12 -60 75 37 -11 33 86 -51 -1 77 -65 45 -69 -6 41 28 64 51 -48 -27 27 21 13 -63 35 29 16 -3 7 75 -40 15 -79 80 -48 -37 -69 -17 -32 -77 81 31 9 -2 -33 -29 94 -69 -47 34 -36 51 21 52 -60 -25 46 -56 
-21 60 -78 -83 -34 39 70 46 9 96 99 28 -96 -87 -67 54 89 -72 36 61 46 -86 -25 -93 5 22 40 -83 19 -27 51 88 26 33 98 58 -3 -13 -79 -44 -87 52 98 21 -85 69 -71 -69 34 -93 -89 -74 -3 -48 7 -11 49 -77 -59 -57 -87 54 -66 -86 -14 -86 4 5 -31 89 36 -3 62 -16 -41 12 2 36 23 -10 -86 58 -63 -52 -67 -83 22 -21 -2 -88 
-49 15 53 -85 -93 -46 42 -12 -65 -78 87 -72 -23 -51 51 48 49 -75 47 58 -74 73 20 -31 68 15 97 -29 5 86 89 -67 -36 -28 -70 28 80 81 36 -73 85 -84 -36 -77 15 -59 5 -61 73 37 74 81 44 -34 -96 -15 98 58 -78 -74 -35 -86 -27 -57 43 -8 -96 59 49 -71 70 -22 -57 64 49 -86 60 -31 77 3 98 72 51 -39 -91 14 38 69 0 56 
-49 31 -65 -9 44 35 15 35 10 6 55 -37 -19 -36 -41 57 37 38 -60 12 62 55 12 -88 -91 -88 54 92 -69 -45 75 -31 -55 66 -1 57 100 -6 -9 25 71 32 -14 73 -11 -71 1 -77 52 -56 -18 -97 -74 -8 -42 25 -36 -76 50 -86 17 -93 -31 44 56 72 86 90 32 -21 77 -21 -19 90 -85 -98 -22 76 -48 -75 54 -42 14 -100 12 13 67 92 28 -84 
17 -25 21 -62 -65 85 -73 54 69 33 14 3 -23 1 45 14 34 51 95 41 55 3 -5 48 -12 23 -27 -83 -25 -88 27 12 -36 8 78 49 -3 -6 100 34 -8 -14 87 80 91 -77 -20 -68 -51 43 20 79 7 -84 10 88 -47 -28 -8 44 -32 -62 33 -11 33 68 -53 -33 -53 -98 -31 -44 16 78 15 -72 41 -22 -36 -21 -90 42 71 94 100 -67 57 -62 -1 -84 
6 34 87 4 -19 88 -72 -5 -78 29 100 45 23 8 -11 -67 17 28 9 63 -53 -91 61 96 -12 -65 80 72 98 24 -92 54 -100 -89 78 21 -66 55 34 7 -62 96 -4 66 -43 -68 -38 -57 -30 66 -25 80 -95 1 53 79 -89 -46 -94 91 -30 59 43 10 67 -47 -19 84 94 -76 39 -90 72 6 93 100 -95 29 -41 52 -16 -32 83 26 -50 89 23 78 -91 -85 
-21 -2 -56 59 75 43 -30 -62 -81 -86 60 -8 27 24 -73 68 -33 92 -31 -38 57 -98 66 -87 62 63 -15 -92 -94 39 59 -45 -82 -61 48 97 70 46 -48 88 -64 -77 35 -87 -79 19 68 -54 67 -82 87 67 -57 6 -61 -82 -92 -62 74 -1 87 -9 -80 5 47 77 -71 84 -25 96 43 58 49 -66 -33 -96 -73 2 -93 -55 13 50 88 -61 7 85 -82 65 54 36 
-85 73 46 -64 -55 -35 51 18 -55 51 11 -3 41 -43 -28 -32 94 69 59 81 67 98 4 -7 -82 -9 77 50 -71 82 89 -73 -100 0 67 -2 76 81 78 -100 -24 69 54 -15 28 -40 53 -60 50 -82 2 3 80 -44 23 25 -12 30 -96 21 45 49 65 45 62 39 25 6 14 14 40 -96 -47 68 7 -22 43 80 73 41 45 -88 99 26 -22 -62 -100 -59 -36 -73 
-86 9 -41 -80 99 -12 -92 -70 77 18 -22 -64 -60 54 -5 -90 45 -64 36 55 99 -88 -89 -85 -79 -85 79 37 68 -27 -31 22 -81 -81 37 2 -5 -59 -20 41 59 81 -80 -52 -62 34 -89 -87 -1 -69 6 13 45 88 -54 87 -66 -45 -91 66 -38 -83 18 96 -100 100 -34 -1 0 -50 -84 -2 -98 -43 8 -8 -87 -7 -91 -87 -20 -95 45 -50 -85 25 -24 97 -15 -24 
-8 14 2 -20 -37 -62 14 85 -27 14 -37 -90 23 -73 93 -55 -17 62 -60 -12 89 -98 -52 -30 72 -58 -97 55 -87 -32 -7 -90 -59 74 -98 22 -78 66 7 -34 -71 -73 94 -35 -81 9 16 90 89 82 89 -76 43 31 0 15 -67 61 -16 65 26 -79 -70 -58 -45 -3 21 38 -68 -52 98 14 41 67 -70 68 53 -99 26 -28 -55 95 18 0 71 63 5 -70 23 53 
29 -78 -82 27 98 31 75 14 96 -62 -34 -64 -76 -85 -23 -71 -33 -23 -1 81 -58 2 97 72 77 -24 -78 64 -23 -81 54 34 -52 -17 9 100 -37 49 -5 -15 63 -16 28 -47 -81 10 49 32 34 8 9 -20 -71 -38 -39 -74 -45 51 79 -60 -93 -82 48 13 17 25 73 47 -27 -48 -7 -27 -90 84 86 -30 29 72 -72 79 -33 -10 -96 -94 -84 -82 -29 40 -35 90 
-89 -17 -41 1 -98 28 -61 47 43 -72 -75 -96 47 32 -2 -47 6 94 51 22 -75 -19 -69 -55 -78 -94 -100 -49 29 67 -76 6 97 -21 28 67 84 -43 -50 -31 94 71 95 -59 -55 80 63 -78 -58 -62 -38 100 -7 -80 80 79 -44 47 94 65 -89 84 -22 -39 -82 98 -32 33 -95 -77 -25 -70 76 48 57 -53 9 -56 46 74 -66 -36 92 -93 58 -30 -57 74 84 60 
-45 -18 -14 -94 -68 -22 31 21 29 -89 -19 -7 25 -62 57 25 -32 49 73 28 -58 -100 89 57 0 6 100 -3 -58 33 9 -83 -76 -68 9 99 -47 -15 39 73 -88 -58 -51 -45 66 -35 -10 -9 -82 -47 -58 98 -18 -70 -68 15 79 -11 27 97 -100 19 -32 -59 -93 -32 -76 37 -22 30 65 37 34 -31 71 10 -58 -15 42 -32 3 -8 10 -28 11 21 23 31 79 52 
12 -15 58 -5 99 85 28 -70 -96 100 2 -16 95 -1 -63 -27 15 97 -70 21 -67 -27 22 18 -40 -29 -34 -80 -52 -82 57 -21 88 16 -100 65 -54 -99 -86 -70 -18 -48 99 -52 -9 -37 76 23 -90 55 89 -60 -25 -29 89 -81 -89 87 1 54 67 -55 -16 -26 38 -90 -84 -18 71 49 82 -56 -33 87 -1 -38 11 59 52 -89 -100 -10 -85 -77 -39 63 -38 48 1 98 
92 49 47 65 80 4 -21 -34 -97 87 -67 18 33 39 84 -84 -18 -22 -48 -17 6 -18 -71 53 -1 86 99 14 -2 80 3 52 68 60 -69 -8 90 -91 61 23 -50 -80 4 85 60 -53 58 -89 98 -16 -82 -51 -56 26 83 59 82 -13 68 31 84 -69 93 66 42 -3 -92 -80 -85 86 -93 -9 -70 58 -80 35 14 6 70 -54 -96 29 59 -90 79 58 -42 42 -66 -99 
-61 33 -38 -2 85 -72 -91 97 -50 21 -37 34 -30 -41 -47 -2 -69 -87 -42 -60 75 -100 91 -82 59 26 -60 56 -62 10 -42 92 -64 -82 35 -98 -80 -43 14 0 39 -21 -11 -31 -55 86 47 -2 -60 -5 -72 -24 -89 -63 -45 -5 -34 73 -92 -7 -14 -98 -78 -12 65 32 -91 -62 -39 41 32 65 100 -71 56 52 -66 -14 57 -55 25 -4 49 36 18 -74 -20 73 60 60 
-78 -72 1 5 -13 -65 38 -76 3 -81 -46 80 -97 -41 36 -21 19 -56 38 -75 -96 0 -47 -73 88 100 6 -62 -38 71 -38 -81 53 80 60 -82 21 7 31 25 -47 90 86 -28 -1 58 -80 39 27 28 -28 -65 43 -96 85 -81 -90 78 -89 -45 -74 40 -20 3 59 -99 -80 -88 62 -72 -10 88 -68 -96 41 57 53 -86 -78 -19 27 62 75 83 -67 -14 80 94 16 98 
-19 -66 78 -43 -66 -20 8 -26 -61 -90 32 80 -13 -71 -13 91 62 34 -33 -38 -95 26 53 -54 63 81 36 -27 -66 63 87 38 29 -46 -18 -43 -36 -53 -41 57 -8 99 -66 76 -75 62 4 -28 53 -43 56 52 -100 -56 -50 -87 -83 25 68 21 -6 5 -92 83 41 60 64 35 13 -15 83 -28 -42 92 -47 93 97 71 -10 -46 5 82 97 -63 -77 26 -8 -71 -77 68 
83 -3 -89 -33 -100 -57 82 17 -46 8 -83 -92 13 -32 19 80 -14 31 -78 39 10 -9 98 -71 -46 37 -41 -11 -23 85 -30 -45 -25 -58 49 41 -73 -35 -22 32 -78 55 34 15 -76 67 -51 7 -14 49 -70 45 -69 -35 44 96 28 19 -21 -73 -47 -91 63 -81 24 -70 -43 -12 -76 -58 -40 -41 3 46 -18 -98 -91 49 83 27 46 37 -34 -100 -84 -26 -82 97 23 -4 
73 88 35 -33 1 -70 -35 53 64 17 -10 -50 97 45 39 -43 46 -54 -31 -100 -80 -87 22 21 -78 -43 -32 53 17 -63 -23 -82 -3 -65 -65 32 -6 -13 -57 -27 -3 73 61 -11 -42 -23 -36 -15 -52 -43 92 -82 -32 53 85 -83 -35 -62 94 57 29 -26 50 66 -78 -54 77 -48 68 -54 -4 50 -15 -48 28 -63 19 29 13 -53 19 -68 -15 36 -66 69 7 10 100 29 
4 37 -77 -30 -90 2 -15 -15 81 -59 34 46 -99 -91 95 -71 -35 -57 -74 -24 18 97 82 7 100 -20 -60 94 -91 81 -92 53 16 -30 54 84 -31 48 60 -74 19 45 99 -24 -83 -47 34 -6 -63 39 15 -44 34 16 -1 85 -30 -35 21 -6 -19 -26 100 57 6 1 7 -34 78 -9 97 47 -83 56 85 -52 63 -39 100 -82 8 -58 -80 -24 -100 51 41 69 100 -14 
-12 -36 83 -57 -3 13 13 3 34 -27 -15 78 -99 -29 -23 30 45 -11 83 -40 0 -24 -28 -32 -43 -57 64 -39 76 -43 28 15 90 100 -17 93 -72 -42 28 -85 -91 -51 -24 -96 -100 39 -13 -54 -65 64 72 -11 2 38 11 -22 58 66 -27 73 27 -24 -45 60 5 57 -83 -29 -52 76 75 25 55 -33 96 89 -63 70 -90 -62 -68 3 -21 34 -76 -71 -7 72 -59 16 
66 -64 79 -65 92 29 -80 -7 42 -97 63 86 -100 86 -73 -42 88 -70 -58 40 10 6 48 33 -75 60 8 -94 65 -90 -35 38 57 24 17 42 54 -10 -18 -83 -53 -70 -25 87 29 -50 -51 15 76 65 79 -12 -98 -63 -41 59 -32 -89 -24 79 -25 31 -87 -32 48 7 -25 78 -5 -40 73 16 98 31 51 91 19 39 48 8 77 -40 -88 91 65 -55 32 83 16 -80 
12 -20 6 38 57 -15 -38 -7 87 -67 56 -38 67 78 21 -21 -90 -55 -95 47 7 -47 -90 3 74 -59 -52 42 43 36 -92 10 -12 79 -6 70 5 -90 -93 -99 62 41 59 -26 -70 -26 88 65 -44 98 94 44 -8 -87 32 24 52 76 7 -39 15 -85 -13 60 37 -18 63 -53 -58 -65 52 -38 7 47 3 -24 -53 46 -80 -65 81 -90 38 -58 -94 -80 92 -27 -68 -95 
-46 97 -45 16 1 -26 70 45 -45 -10 93 -45 -85 -14 -45 48 -58 91 -76 55 -87 -63 94 99 -27 -80 50 89 84 -66 -83 53 29 58 -54 95 -51 -12 -7 43 -36 0 25 90 -98 96 -95 66 -56 -38 -94 -25 24 -92 69 -30 -2 94 -49 95 -17 -94 23 100 -22 -62 -58 -64 1 68 13 -70 3 51 64 17 44 0 0 46 59 74 75 91 -52 -63 53 45 30 79 
30 22 30 64 59 40 -91 26 93 -85 0 -94 -56 29 -90 23 49 -59 -11 -43 16 -94 0 34 -32 38 13 92 39 -64 63 46 21 -62 -44 61 39 -30 -91 11 -90 65 -77 66 -74 -32 -49 -19 -42 -37 -6 -63 -54 40 -88 61 -26 -61 -27 -77 66 -74 -51 85 74 20 67 -24 1 -78 60 -37 -67 73 46 -59 -51 68 -52 -13 29 72 -16 93 62 -28 -18 -61 62 -97 
36 17 35 57 28 -52 -43 72 -29 80 -2 -65 -39 -84 -68 -44 43 4 -49 -84 52 11 57 99 -92 67 3 -7 -90 61 -87 13 90 -31 62 1 -37 53 -29 21 11 11 2 -6 7 46 22 22 -88 -34 -44 62 -87 -11 -35 95 -13 85 0 57 80 83 -17 90 -44 -60 89 39 92 -46 11 -58 -60 -52 -66 -59 -95 30 -31 50 -24 43 1 -24 -92 -18 -51 -41 43 18 
72 -17 -12 -36 11 55 -45 -85 -65 42 -83 -38 55 40 57 91 29 78 7 -32 -61 -20 -50 60 2 9 71 -72 -17 -87 90 -60 -8 72 10 35 -51 -77 3 94 72 54 0 -34 -79 17 -41 -62 -73 79 -54 32 1 -74 -51 -64 -30 -59 -41 50 -68 -61 97 -37 36 19 -50 -64 -52 3 -44 94 8 21 -82 93 -96 0 51 23 -99 -97 85 2 -77 51 -99 -21 -12 7 
10 72 11 -20 -2 -30 -23 -27 -59 56 47 -82 57 15 -41 -90 36 0 46 -41 -1 18 2 6 23 -59 -85 -28 26 -39 28 90 82 71 92 -50 80 -51 -94 -42 -25 -6 -16 17 51 -21 71 -69 63 99 65 98 34 33 14 -67 -9 44 62 -56 -48 46 -41 13 91 83 -48 12 -85 -60 23 -21 -28 -70 -80 15 -93 -78 -11 32 17 -96 76 -5 -46 -58 -76 33 -5 30 
-23 81 -10 85 52 52 -57 -32 -55 -71 -67 23 64 -93 -80 81 -81 48 65 30 46 64 -58 88 50 87 -96 -34 27 41 43 92 68 -91 9 63 5 51 -9 -67 23 -21 -37 96 -22 78 7 -19 -78 41 -5 -8 -81 -68 -45 98 91 -64 97 -42 0 96 -84 76 28 -72 31 -22 -84 91 -9 77 17 66 -13 -3 -76 -68 -95 -17 25 -44 -83 41 4 -30 -49 6 35 32 
100 23 -69 -22 45 -49 -37 1 -16 -61 -49 54 15 -52 56 37 -94 -38 -87 -91 74 49 -73 9 -95 17 15 95 -25 -64 -8 -19 61 -29 27 -19 -40 28 -13 -37 -30 15 7 -3 -62 -95 81 -8 -80 -91 -2 88 -17 -64 -18 -13 -66 46 80 7 -57 35 70 -14 73 88 -54 13 -12 -27 19 -7 61 -76 -2 -69 88 34 -96 45 7 19 42 -34 -88 44 -73 -2 14 -9 
84 -68 -52 89 86 58 54 -30 -10 -28 -32 -39 79 6 -17 -4 85 44 -4 -66 -10 37 29 3 -8 84 6 -97 71 -32 -17 92 36 -26 -88 65 30 -32 -20 -18 36 71 49 -33 94 -27 31 9 -47 -39 -63 18 17 29 59 -91 -37 -20 -39 -76 -76 100 -24 -5 2 -39 -11 -69 73 -5 -26 -66 81 84 1 -79 43 -6 11 61 -8 -11 75 4 -66 -46 29 89 -76 -19 
-93 -55 -45 -56 53 63 -97 83 -82 -96 3 -62 -50 98 58 -6 96 37 -100 -92 45 -3 -62 23 90 17 -96 -19 6 -15 -46 -48 44 -75 26 -86 -85 100 29 52 26 -87 -74 65 83 13 -47 14 58 -90 -16 -82 31 -84 88 95 12 -96 -14 -19 -4 93 9 59 29 55 62 -36 -1 -45 -59 -28 -33 16 -23 -25 -34 -76 -5 -41 40 6 -30 -38 -33 37 -21 12 26 93 
76 83 -67 2 98 26 -59 8 98 60 11 47 -57 -65 18 -14 78 21 41 -46 -61 -78 -33 -40 -33 69 50 96 -45 65 0 76 42 -95 -60 -15 -13 2 -94 73 80 11 -69 5 -37 94 -38 49 65 -38 13 44 -28 93 3 83 72 -84 80 -96 -48 -24 -78 60 -81 -9 43 99 73 -71 -82 -11 67 10 -53 80 93 20 13 -15 53 -81 -40 41 -6 75 15 -93 -30 59 
51 87 -56 10 19 -59 -8 38 43 3 -5 50 15 -68 -63 -43 -7 64 -53 -6 -63 47 59 -95 40 15 59 87 -100 30 2 18 -18 0 14 47 -30 -72 49 -78 -3 43 -42 69 -44 -22 67 -46 -71 -11 44 27 98 27 33 55 60 -43 34 42 1 -11 96 -37 63 -74 44 -57 -51 -38 -94 67 34 -55 21 37 94 3 86 27 -81 24 -52 0 -50 11 16 -88 26 28 
-33 60 -93 -89 83 -35 50 96 21 -93 -64 -60 -79 55 -51 66 -95 57 49 -72 -53 45 -75 -92 67 8 -59 -31 -27 24 -39 -12 16 -30 -46 -49 34 29 -7 -79 96 75 -74 -77 -86 -94 -33 19 -40 8 -62 3 -32 -7 8 90 -91 31 -14 60 -5 -27 -61 71 -99 -50 16 -78 -59 53 32 7 -69 52 50 28 17 -49 -54 -2 37 -43 -75 -42 -95 100 56 -22 -100 51 
28 -34 -18 -68 -32 25 -13 17 -67 -83 -91 -49 73 -1 72 4 -93 -27 55 18 -20 -97 -36 -62 -77 40 -58 10 -4 -10 39 -38 99 -2 35 33 92 47 43 41 -21 -12 59 30 84 -29 9 49 -92 57 -72 55 62 82 -66 14 39 -13 10 60 40 -6 -97 -43 -14 68 -18 -3 0 -12 22 -63 78 26 53 11 -45 28 -48 33 -90 47 78 -81 -17 64 -80 97 -13 -77 
-71 8 36 -78 -7 23 1 -56 -4 -86 21 52 -74 -78 -19 2 -32 -84 50 30 25 -62 -25 29 80 -13 -17 15 -57 39 99 79 74 -42 87 86 -1 61 2 -7 38 -6 17 19 -94 -26 -36 -43 -50 12 90 -4 -71 9 -7 94 -98 -27 79 -29 -29 99 42 43 65 -42 -95 -97 -3 66 -84 -37 49 4 -41 -26 0 -93 -7 -10 78 42 31 6 7 -66 99 -66 99 -74 
-74 -16 96 -51 -12 88 -78 74 98 97 59 -76 -58 -46 -41 25 44 37 89 -99 77 -15 79 -70 99 -89 -46 -70 -29 57 -33 50 30 57 0 16 -86 82 26 42 -11 -54 -26 -15 -24 -4 57 -71 85 93 -44 31 14 2 85 80 66 32 85 7 87 90 -14 -50 30 49 63 85 3 95 85 85 97 -90 46 -45 -41 54 -88 41 19 -43 -98 43 -19 -39 40 100 -42 -29 
29 80 -9 41 11 -12 56 -81 -91 43 22 11 -86 19 -27 49 51 19 -47 -97 22 -70 40 55 -25 -17 -82 -82 44 -69 -30 -77 93 -76 -53 -65 72 68 86 -58 -59 95 -18 -15 1 -100 -44 13 3 -1 99 -91 34 54 -33 82 -40 -72 -9 14 80 60 -62 -5 2 51 27 -86 23 -100 -9 -81 -9 -15 -51 -69 -65 -28 -29 -67 -2 -49 17 2 -17 50 -43 49 -38 -97 
-53 68 14 -57 -6 29 -34 -93 41 -62 25 -7 54 88 25 60 72 -37 7 -32 45 69 9 -40 -96 -67 -90 -92 -82 14 57 -94 -13 -92 -42 -42 60 40 -72 77 24 48 -55 -64 -7 -16 18 -24 -98 -84 -5 -65 -48 88 -39 79 -1 0 16 56 86 -49 -20 67 -72 -77 0 -58 23 51 29 3 -99 60 50 71 -97 27 -71 -15 61 1 50 -87 -95 -67 -2 -37 -33 -56 
31 42 -89 23 -72 21 11 -76 4 -63 -48 -27 -50 -35 -29 -88 -33 82 8 -35 40 -7 -85 -46 -60 19 3 46 -65 57 32 37 26 -14 94 56 -41 -61 57 -88 25 47 -41 -80 -5 79 12 -15 33 -29 -68 -77 -76 -23 -72 44 2 54 -79 45 -41 24 -31 -69 26 88 97 12 47 -8 -80 86 -25 -27 98 -58 -55 -77 -17 45 5 -83 -64 -100 82 -48 -58 44 76 53 
9 -18 10 84 79 55 80 -61 32 60 93 -60 31 -64 33 -26 -21 81 93 60 -10 75 -34 -82 -53 73 -91 48 -74 3 -6 -58 47 78 2 82 -53 94 95 47 93 -41 28 1 -65 -98 -31 -30 -67 8 -29 -91 31 52 -18 -37 -23 49 -46 69 -32 25 -37 -83 75 -88 -17 22 -39 -50 -37 68 99 -4 9 -12 36 -34 -53 46 7 -68 9 -85 -38 29 88 60 -94 -20 
-54 94 76 72 -46 0 -67 50 -40 97 21 44 -59 -92 90 -6 -87 36 10 -12 -82 23 -41 -27 14 -78 -37 96 -52 -38 -64 5 94 -19 -50 63 -16 -15 -89 -33 97 -26 75 -35 85 -83 25 -62 47 14 56 -83 -44 68 97 -48 3 -83 -1 80 -18 66 50 1 47 -11 -98 99 -16 -75 58 68 -28 4 -48 -62 1 -49 40 -26 21 55 3 71 23 30 22 -44 -44 91 
58 90 2 -70 -1 25 44 93 92 -59 59 87 -73 -32 30 -68 93 -60 77 52 74 -53 27 -51 75 26 76 -38 -41 42 -84 18 -20 -95 -14 -72 7 36 -19 -7 -70 -45 -92 -57 -34 -36 -49 -15 21 76 -20 -26 -14 -84 -23 38 -48 -67 11 58 -66 -63 19 49 44 89 59 42 82 -33 92 -95 -97 87 78 67 55 33 57 64 -72 18 3 39 43 -85 -13 -1 92 -82 
-47 -18 92 23 12 -82 96 -81 42 -73 -7 -51 -39 61 -95 -1 -28 -17 -64 -44 -40 -93 -6 -40 26 -34 -30 -60 -54 -26 -65 -77 -79 7 98 -77 -72 10 -93 -82 -10 64 -76 60 -63 -64 56 47 -32 56 14 10 -50 -9 59 -86 22 -7 80 -50 -19 0 46 -2 62 72 -83 71 -36 -81 -8 -49 -11 34 -50 -80 -49 58 74 83 63 -28 -94 15 68 -27 52 97 95 -13 
-20 -11 98 95 66 -51 -73 -22 -74 37 -58 -22 84 42 67 -100 100 58 -62 -10 -94 84 17 52 17 74 -91 88 -85 2 -83 -5 -20 -71 90 -5 -24 93 98 -9 86 -4 9 56 -37 69 86 12 -92 83 -93 59 -99 -76 -95 37 92 16 84 -83 -82 76 44 78 -33 58 -66 -18 22 96 6 -97 26 -34 62 5 89 26 45 -24 -60 31 -83 -89 8 35 -74 -5 66 -19 
-77 -72 -48 -46 73 2 -31 -93 -88 28 -5 -51 -87 82 -87 79 -62 31 -94 -13 -9 -67 8 -30 65 33 58 58 -56 -25 -24 10 -38 -97 -94 -1 4 -27 20 2 -16 100 91 -48 -67 77 43 35 91 -69 21 -12 -3 35 44 90 81 -22 -21 1 -89 -98 95 -17 -67 -80 -40 -90 5 -18 -91 -68 1 70 96 33 -69 -11 30 -51 67 4 -100 92 -51 -63 -54 46 -37 -32 
1 -9 9 71 -89 -89 15 27 98 7 34 -28 22 -41 23 39 -40 -41 88 -44 -38 47 60 -38 -53 -9 -30 -93 -57 64 44 71 79 33 -83 0 -73 -68 -40 -14 62 -58 49 55 -20 55 20 46 -75 -80 -42 80 -23 73 -80 -35 41 19 69 -83 -59 -45 12 -79 76 -48 77 15 -53 -33 -23 -65 56 -35 -78 25 49 11 -2 88 -43 12 -7 -48 48 -47 -89 49 -35 90 
52 22 -45 -54 100 -2 94 82 7 0 -17 60 -83 42 33 -1 -76 52 42 78 44 -25 -57 -15 43 41 -88 -6 70 -25 61 -34 -6 -46 83 35 -90 -48 -11 59 -68 6 -46 55 -48 -62 32 96 -22 -55 -17 -64 13 39 -63 -10 -29 13 88 68 54 3 32 65 94 5 -6 -7 -52 75 33 81 -24 -95 51 94 -81 42 84 38 -6 39 46 94 15 -1 -47 -52 42 -59 
24 3 -94 63 -44 -34 88 -83 15 -87 85 59 -49 56 -74 -1 -7 8 -12 -57 0 -43 -96 22 -80 3 35 98 77 38 35 -26 -89 67 32 -72 95 88 52 55 9 -72 -54 68 87 35 64 -16 -30 31 -36 22 -6 99 39 -51 79 89 31 0 -63 -71 -52 29 -51 -19 83 54 -44 -88 69 -26 -74 -3 18 40 -28 56 -78 -71 -48 65 53 -97 89 -9 99 63 -9 -21 
85 40 -29 40 -72 -43 42 92 100 98 64 -39 73 38 15 -96 28 -86 6 90 88 -41 76 -29 -50 72 37 -96 -21 -2 -7 72 -25 52 -98 6 -29 78 67 -39 -18 12 34 43 85 22 -78 -12 -69 -52 -83 -18 3 77 -81 -27 41 -53 6 -70 -10 -94 42 60 58 -25 50 83 -21 -69 -69 -54 -60 -89 63 -25 -14 40 -34 15 82 -2 -96 -91 27 73 70 -91 9 46 
20 3 7 -41 -58 75 -25 11 26 -12 1 -50 -42 -3 -40 -85 48 -10 -43 -57 -15 33 73 -23 31 -55 58 75 -77 60 -59 15 50 -74 -82 -3 -30 28 -75 29 78 -78 82 92 30 -2 -25 -9 -80 -1 43 58 29 81 39 9 -11 -12 69 -37 38 -80 -59 -27 -64 18 -95 -76 -42 -69 -75 78 -49 -94 20 -59 -36 57 10 65 27 -98 -48 94 17 -48 47 49 4 -14 
2 -54 67 63 -75 89 61 -87 -88 -13 77 13 -45 -28 4 -49 15 -68 58 -87 -98 -26 -10 -7 4 10 93 -77 -34 95 93 54 -37 -81 -52 9 1 -12 57 36 -47 -57 -100 -50 -49 -74 -90 -5 -21 100 7 -73 61 85 -35 -64 63 66 92 -60 39 83 -1 79 -100 -28 -24 -30 44 -80 72 -82 -11 94 96 -92 -49 25 -20 41 -88 -33 87 55 40 17 88 66 -95 -54 
-66 -38 60 98 75 -24 -4 90 30 -47 54 74 2 2 30 -73 25 72 20 55 -7 -82 -85 92 -46 29 -68 85 -32 -99 -35 -89 -8 25 -14 74 22 92 -67 -36 -43 -68 75 90 -38 25 -35 -55 62 37 25 -16 8 -63 -76 -67 -19 85 -98 -48 -69 -18 -69 -38 31 -38 -81 -27 37 -27 2 34 -30 42 -8 -87 -42 48 16 89 -29 -99 79 -54 94 67 93 -10 10 -95 
