50
-36 -32 49 -43 56 44 56 81 77 -20 -71 77 -89 13 19 8 84 80 -46 55 -52 53 11 -95 38 12 50 -43 -59 -98 43 -15 -93 -18 60 -37 -55 -39 -89 76 -13 10 19 -60 42 -80 92 2 -98 62 
37 -33 -37 -48 100 -51 57 94 38 -51 -55 -40 -22 -46 -73 68 34 77 -85 -71 -87 57 -19 -30 76 -94 -9 0 77 14 9 -17 -65 38 -73 -71 -12 98 27 -54 49 18 66 -37 29 -86 4 35 -73 20 
-93 -66 42 -73 58 31 63 84 -65 83 11 -42 62 -46 -98 -63 4 87 58 7 68 62 -82 -60 51 86 -96 -9 49 35 -37 -16 40 29 86 -84 -17 77 -35 -13 -89 -100 -11 35 -94 -67 -96 -85 37 -68 
49 -99 -10 42 68 37 -24 -46 -40 -49 4 87 29 -60 18 75 -58 27 91 59 75 -90 -50 -9 -44 78 64 72 -3 73 -50 41 -5 -36 76 82 -81 80 -51 -16 45 41 73 30 -38 -20 -95 -16 83 -95 
32 43 -10 -26 63 -97 72 28 -40 4 -25 86 24 -13 14 -2 -93 24 -11 65 -27 98 5 -9 25 -65 75 10 -19 -89 -25 8 -91 -72 -62 54 -29 -26 -1 -26 57 52 66 -79 68 -59 -21 80 49 -57 
-83 22 -21 -35 37 -14 24 -62 47 58 -79 -71 -40 44 45 66 -47 -51 29 90 -80 -83 50 55 6 51 82 82 -50 -28 -33 -35 87 -33 91 -86 43 -91 -12 -93 -60 -2 -36 7 41 35 29 -87 12 85 
99 -54 -52 10 -70 41 44 86 -38 20 -78 59 27 -27 -61 -78 86 -26 -58 99 -62 -79 0 -7 -23 -88 -69 91 50 78 84 11 -37 55 -21 -32 19 16 54 13 -93 14 45 -80 -13 65 -96 38 37 -57 
-31 -19 47 -88 71 -92 -38 -41 20 -44 10 86 7 41 58 43 42 27 -52 53 -21 21 -89 5 -6 66 91 49 86 -20 12 65 28 89 21 76 34 87 -58 -42 -86 52 17 33 0 -38 -23 50 38 -58 
30 -15 47 69 -57 -72 47 70 -39 -55 78 -46 -56 -83 65 17 -84 -25 -19 -51 69 83 -88 50 -27 -16 -1 9 -14 65 91 72 -43 -92 69 -8 60 1 68 32 16 43 80 34 -79 -6 60 64 -29 -80 
-21 41 1 -95 6 15 -61 67 87 -40 -28 -3 -94 73 84 55 -37 0 -79 -97 37 -57 -1 41 43 -84 -1 31 -79 83 -73 -72 -96 -38 10 -6 37 96 7 30 85 92 11 7 -59 -41 -32 -57 57 -41 
-40 10 52 5 -14 84 68 -31 -84 51 -13 78 -46 -67 6 -63 -94 25 46 38 28 -78 42 -93 -42 -84 -64 -64 -38 83 -85 1 55 -93 -98 -81 -64 2 -13 -28 -75 -31 12 96 43 61 -16 95 -88 -93 
1 67 -3 -63 -2 -76 95 28 18 -19 28 57 86 -18 54 25 -85 77 -91 82 83 -60 39 -28 61 41 -26 92 -15 -97 -40 18 21 -94 -55 96 82 -39 4 72 -49 -90 74 -76 -27 90 -98 20 30 -62 
-50 -44 9 -70 -95 39 29 -96 5 32 31 100 -52 -35 -33 31 13 -65 -3 -72 -53 71 56 79 0 62 23 -7 43 11 69 -45 63 48 -38 -49 -64 -24 80 -58 -77 96 -67 -51 -18 70 -85 -2 -4 -55 
3 23 11 -91 -86 -37 -64 -46 27 88 58 -28 9 -34 -42 -27 -12 63 -78 -6 38 69 -65 93 56 63 -55 85 -38 9 16 -49 -70 -26 -6 -86 -17 55 79 -80 74 75 -88 -76 45 -29 82 -70 -12 3 
-95 54 -93 -7 83 -10 16 74 -59 48 64 -75 36 21 -21 69 -35 -47 -37 63 11 -83 -96 17 -21 28 17 -7 25 70 -7 55 -84 76 62 29 -53 89 78 -61 -6 27 -18 53 9 -12 -50 26 -52 35 
18 -7 -52 40 -54 -70 -58 9 7 84 -39 -24 0 -20 -92 -13 -75 -76 30 -40 -5 33 13 12 -94 30 34 -26 38 69 -28 65 9 3 91 -99 19 -65 -37 -91 78 -39 23 -17 -15 -37 70 10 -96 70 
12 27 -60 -5 -94 45 -64 -96 20 90 -77 -20 -78 -77 67 19 -4 36 -72 95 -59 -38 -56 -89 -38 -7 0 67 -8 -36 36 -52 55 64 69 94 -48 -18 80 6 -64 16 12 34 4 25 53 -67 -44 -42 
71 32 -65 91 -100 86 75 -21 -63 -26 -42 57 -86 -22 94 87 42 9 42 -58 31 -84 34 24 86 -70 -92 65 86 97 55 -28 -39 -37 53 -27 -85 -3 -71 80 -93 35 47 -64 96 -32 -2 -39 98 70 
-50 -51 80 73 -53 -86 39 14 -51 92 96 -20 -3 41 -24 0 -9 -28 -80 21 69 -58 -38 -8 -80 95 -68 97 16 -95 -86 -66 -91 24 48 76 90 -72 66 69 -77 73 -28 -98 29 -69 61 22 -34 -78 
-69 -95 95 -100 -99 95 60 -62 10 45 -72 40 -24 -93 50 -72 74 -93 -1 -44 -95 -54 52 2 -89 13 -75 -68 48 55 -13 37 39 -99 -85 -91 51 -38 67 -48 86 39 -43 70 -43 45 5 75 -99 35 
-61 -80 87 -39 5 -45 -37 -34 -75 21 85 61 -96 -8 -57 72 96 -54 74 -56 -43 86 -15 12 -100 55 -66 -27 -32 62 -90 78 94 -57 -87 -48 92 61 75 8 37 3 69 -96 47 80 -7 -36 59 57 
-54 -17 -30 27 -5 61 19 -45 88 -93 -7 74 -54 -70 40 93 61 6 16 44 71 -89 -84 -8 -74 -100 -26 95 60 -48 -39 87 -78 82 91 -15 -98 95 4 -74 41 -50 47 -16 -80 65 -89 -48 -55 55 
-34 21 93 21 -98 -35 43 80 -76 47 -3 -90 -83 -16 73 35 -19 -28 98 18 -33 -4 -74 -81 52 -62 -19 -38 80 -96 -87 -45 -61 88 9 -46 -51 -85 9 -59 27 64 4 19 38 -82 -82 -51 13 5 
70 -30 37 -98 -56 -62 32 -24 -81 98 91 61 2 98 -15 -83 12 -16 -27 91 -100 -32 47 46 50 69 -15 7 -65 -83 -30 -21 89 -15 -25 -60 81 -35 -82 -83 55 70 33 77 -63 28 -11 44 -10 62 
52 13 -10 32 58 -44 36 17 59 -46 91 -68 100 67 84 53 36 7 50 -27 -52 -39 74 14 83 -81 -62 -78 -63 4 53 -8 -100 -52 -39 78 -14 11 -21 70 70 61 19 66 -56 44 80 78 -98 33 
-77 -69 18 30 -96 72 21 35 -14 -99 84 -23 -49 7 77 -99 43 72 -81 -99 -56 58 43 84 -87 -50 72 62 58 -8 -49 -17 -9 24 95 17 -16 -88 90 -3 71 41 -8 -75 -47 78 47 -93 -78 -2 
15 42 -72 -67 -46 82 -94 -30 -28 -45 -18 37 -27 70 55 2 60 -3 -44 -62 -14 -81 -56 -1 15 83 -77 96 -45 44 52 -43 -66 59 68 33 12 -93 -92 -90 69 -28 -63 -3 72 -94 -90 39 -45 -57 
5 13 21 94 -48 54 97 -74 -32 40 68 95 57 -11 -52 -51 -62 98 18 -44 17 -49 56 92 -19 -42 69 -72 14 -87 24 89 -5 26 -11 -13 82 -24 -96 -74 7 36 86 -93 -38 -21 -78 94 -56 -93 
58 -45 -58 -84 -92 53 -31 88 -95 66 24 -5 -9 -20 28 -34 -81 -3 6 81 64 24 -75 -45 -94 59 48 79 67 -8 11 -27 80 -30 -7 14 -41 28 -10 -12 -39 15 71 56 -81 44 -33 89 90 17 
-100 11 -73 81 8 -78 -54 -53 28 -92 77 -58 -7 34 15 -43 -48 74 45 -95 -30 -64 53 -64 -45 72 -44 -76 -27 99 93 -49 2 -23 48 26 -87 -21 70 25 34 85 -100 9 -69 -42 -53 32 17 -19 
-52 55 4 -95 -44 -49 -12 -19 70 -14 40 -56 -59 -91 39 92 74 -59 -7 -20 -81 -74 36 -75 1 65 -42 -59 -7 -34 -81 19 15 -29 -37 -71 32 2 87 41 -53 -84 79 -81 -11 -89 -98 60 72 32 
31 48 38 40 54 3 -6 78 -38 -35 34 75 -50 -25 31 -70 85 10 65 -20 -57 -88 -82 -46 -47 -87 -7 3 98 -7 -78 -77 83 19 -23 -86 -79 -21 -54 71 -69 -14 -38 84 -20 95 23 -69 44 39 
-16 -85 -88 -96 -31 15 -34 -25 -38 -94 -77 83 14 51 38 47 56 51 -32 -86 -9 74 -28 38 -6 -84 -15 73 5 -12 -64 48 50 55 -20 42 83 6 21 -48 -27 92 -17 -14 26 -54 -96 -46 4 7 
64 -42 -63 81 19 38 -47 -65 -67 -71 -69 80 -50 53 -87 60 3 92 14 73 78 -11 59 -29 62 97 28 61 57 89 -82 55 -96 0 6 -72 -95 87 16 49 -81 37 62 -100 -17 64 -56 -78 49 -91 
-57 -78 -83 -96 3 -12 -10 5 83 32 72 16 61 4 34 4 20 29 35 99 40 61 -16 82 7 86 68 -23 -13 -8 14 -93 -17 -59 33 -74 15 28 92 -4 -84 -56 -63 -39 -14 -87 -91 64 -80 68 
-47 -7 -11 94 96 98 63 -13 -64 80 60 80 -57 42 92 76 25 43 71 -1 -8 96 92 -38 -17 -13 -14 8 -71 3 56 26 55 76 30 -80 53 -2 12 -17 78 89 84 -83 -66 -37 -48 -67 88 29 
-74 -32 57 58 52 43 -73 -26 -53 -97 25 41 -50 26 25 -56 27 77 -10 -78 95 -32 -88 -5 -77 -42 54 85 98 -100 -85 60 -52 14 -28 -58 -47 72 -95 -36 92 -26 -40 60 -19 -43 -44 -93 -8 -23 
-25 -41 61 -12 -85 -50 100 59 -18 -73 67 -77 -24 55 -53 89 -70 -59 39 50 -17 -70 71 -17 94 -78 38 10 -52 39 -64 89 -84 98 -72 66 -100 81 -93 48 37 -16 57 74 91 81 -97 17 60 -5 
-95 -30 57 97 88 -29 20 -25 -29 36 33 -87 42 53 -81 -5 32 2 86 4 85 27 20 -4 52 -29 -50 72 -42 -2 62 -97 65 -19 -21 43 -79 99 21 -84 79 48 3 15 -3 90 32 -13 -23 -89 
-93 -43 94 31 84 72 0 -32 -42 -11 -60 100 92 -72 69 -5 4 -61 -85 69 -5 3 -17 -81 45 -2 11 35 93 -37 -84 61 -89 72 -22 -81 -9 -76 -22 -55 52 31 -33 52 -4 -25 -41 -72 79 51 
-59 -35 -48 -65 26 77 -77 -38 72 100 -4 29 -32 76 -18 -89 -49 99 11 -14 70 -11 -30 -19 61 -83 22 -42 -87 -62 -19 18 97 2 -30 -48 -70 -84 75 -31 -78 -19 53 -47 -8 75 49 90 10 53 
-74 -42 17 53 93 51 -8 85 98 66 -56 -26 22 -1 96 60 88 -4 -26 92 34 -91 84 30 23 11 44 0 -24 62 -46 -92 -99 -20 89 81 -17 86 71 54 41 -55 -27 -76 96 70 -69 -26 69 -94 
-87 33 -41 4 26 57 -35 -28 17 -82 -92 45 88 2 -28 -86 44 -83 51 52 -72 -40 97 -75 59 36 40 13 -98 46 34 -85 97 -91 40 75 -65 51 -14 23 30 -71 -55 -82 -13 39 50 80 -80 -40 
-33 43 28 73 13 -32 -29 59 -67 -39 -27 69 -51 68 41 87 76 -87 -84 88 -71 -10 -49 83 5 6 27 -9 -7 -27 96 79 -76 83 60 54 47 37 1 93 -73 -35 1 51 -6 -82 -8 3 38 94 
-72 45 -47 23 -59 73 43 -81 -21 -78 -67 -29 9 -48 4 -67 86 54 55 -98 -85 70 -14 -13 74 -11 -93 34 12 33 -79 -14 79 25 -73 -67 -74 -54 14 -66 44 -2 -37 -20 -4 -58 31 -61 46 -19 
82 -14 -4 -6 -3 -14 -42 -93 81 30 94 -28 -68 18 -98 -44 43 35 38 -95 -38 87 9 -72 34 81 83 -88 10 -77 -52 59 -51 -22 -52 51 71 -56 -45 -69 -57 42 57 11 -86 14 -30 -55 79 -87 
-63 62 -47 2 -36 23 -34 19 -23 65 95 -93 34 -21 86 21 95 -98 56 -85 -65 23 30 88 80 55 11 -53 -91 48 61 -97 -3 -5 -54 1 -4 -52 -37 17 86 -53 -72 44 -20 -77 -25 -47 -27 20 
-82 63 14 50 -98 -74 84 88 56 83 34 1 32 -43 -37 -88 92 -83 96 88 51 55 35 4 -83 -3 96 33 27 84 64 -93 5 -83 -23 11 -64 -1 6 -70 6 -12 -93 97 -50 31 19 98 -96 -81 
18 84 27 -83 16 12 -37 94 -66 7 26 -96 0 -96 87 34 47 -3 -97 -21 -44 -61 26 73 -95 85 -12 -20 -65 -80 78 22 36 93 74 -77 -70 -85 -13 -7 -34 94 53 50 -12 -65 -16 -63 83 51 
-58 -35 87 -42 -11 8 38 97 -50 -61 46 -41 -96 -60 -93 53 -49 -59 -6 87 24 82 98 21 41 -87 78 -77 52 -14 81 55 70 -17 53 32 -37 -28 32 -43 -91 59 16 -42 6 -24 -46 -39 -85 30 
