60
95 39 -99 77 32 100 92 -75 -31 59 14 -66 -31 44 81 30 47 86 -85 -58 94 11 85 83 -15 -28 39 72 -32 -94 78 42 17 84 17 39 11 -10 37 -6 -43 -84 -9 -45 -57 -81 46 -16 19 59 -40 55 -91 24 61 72 -17 -70 -45 -73 
-95 65 68 65 5 28 64 -76 9 58 -43 -34 -83 -33 94 -19 -58 -54 -58 30 27 -86 -95 63 93 43 70 10 -36 89 63 24 -52 7 86 -31 36 -60 -70 94 -67 -14 19 66 -16 52 -62 -40 25 44 -98 70 -58 -85 -94 34 63 30 -79 -58 
-70 -91 58 -86 -49 10 58 92 -69 -47 53 70 84 -33 -69 12 32 29 -94 -10 0 -61 52 98 -3 -33 -62 -36 43 88 -30 -31 33 -28 25 -45 49 0 -59 75 31 33 -2 -25 11 24 92 82 61 -48 -90 69 -45 -99 7 94 30 19 -21 -98 
7 35 -83 -76 93 92 97 -78 100 -7 -82 -27 38 -91 -54 -86 -4 6 85 100 -24 83 -53 -38 -43 24 -32 33 41 40 -21 14 5 -83 -42 17 70 56 80 76 68 -88 -11 -100 -83 24 9 -13 -23 83 82 -76 -58 -30 61 -27 86 71 -75 -56 
-35 -87 15 -15 -57 32 3 -14 86 -10 -22 -15 43 28 -96 -100 38 29 -93 18 -23 -7 41 88 -47 14 91 40 10 39 -63 -46 -74 3 -31 71 -88 47 -9 34 -58 46 -37 -97 -27 -47 -81 -98 -89 91 60 -25 -10 -24 -78 -5 12 36 -10 -89 
-13 47 -93 -71 -90 16 4 68 59 -78 23 -55 -45 -10 80 -33 32 65 68 32 -13 3 -11 -20 25 12 -57 93 22 -91 -35 40 74 15 -71 -98 53 -91 53 9 68 89 -39 -18 -16 -51 95 37 -32 -52 -33 73 -95 60 -33 -91 -11 19 1 -30 
42 4 3 44 6 66 85 -86 66 -26 -36 -6 80 61 61 0 6 32 -26 76 22 32 98 8 -86 41 90 -94 94 -50 32 51 -25 -66 68 77 -57 -53 54 -24 -61 98 -36 -61 -32 72 83 -4 28 -6 76 -82 24 -83 83 98 -49 85 -91 -12 
78 -16 -1 -28 28 26 25 -94 -85 22 50 -35 13 -71 -84 -89 88 -99 -72 -24 67 86 -87 85 -63 -62 46 36 17 62 16 -31 86 -63 27 76 96 -96 84 -92 30 23 -64 100 -66 -11 -81 42 -38 -51 93 50 76 -80 -94 -88 -31 -86 44 -79 
-79 93 29 -80 -12 -40 -35 83 8 22 50 -35 13 -93 86 0 -89 88 -99 -88 58 -15 55 77 -87 85 -63 -62 46 36 17 62 43 48 -81 35 46 -38 -76 -25 -80 -35 -33 -9 -95 -64 100 -66 -11 -81 42 -10 -93 -23 93 50 86 -100 -54 -76 
31 -80 -86 44 -93 -45 -55 -54 -58 -38 -56 -35 68 -46 24 -50 73 46 -71 -25 -64 72 -44 22 15 -72 69 -60 66 -69 -22 -70 -26 -14 -36 89 -85 23 -91 0 -73 3 -82 -3 100 -19 -37 -44 -14 -40 -56 64 73 -9 -65 -56 -8 -7 -5 -73 
2 80 5 -56 -34 -72 41 70 -96 -55 -59 46 -18 23 98 3 91 100 -2 -58 -97 97 -92 -66 25 18 31 73 78 -55 -58 56 69 -98 77 27 31 91 -55 50 -76 72 -47 48 29 28 -84 15 33 5 -85 -13 52 73 -69 -12 -14 28 51 -35 
76 -48 -68 40 56 -97 28 4 69 -65 83 47 2 73 77 -13 68 16 68 62 41 -10 -47 -89 97 39 -49 19 0 76 31 18 -98 38 -46 85 -26 76 -24 78 21 -19 -50 31 -64 66 21 -84 40 42 10 -38 -99 39 -26 36 -52 60 -75 57 
21 35 -63 76 -90 25 38 95 -18 80 -22 -45 -60 86 -37 -56 8 -74 -95 87 -28 -43 82 -8 -3 62 -85 -62 -82 75 26 85 -41 -16 -93 -75 8 3 89 -98 21 -66 16 -100 38 25 81 -17 6 52 64 61 83 -58 -95 -33 -91 94 -39 -79 
-1 -73 -57 15 -72 97 -12 -3 75 -32 -17 -3 -98 87 91 63 -8 10 -60 -41 -95 -12 -21 19 49 -67 -3 70 -79 83 -79 40 -30 42 38 -90 21 52 46 -94 9 -20 79 -42 70 -2 -21 -65 -96 99 -32 -21 60 -97 15 10 28 -85 -25 -41 
-11 20 20 13 54 76 -26 -45 17 89 50 67 62 -21 -59 -52 -83 60 40 -63 82 43 35 -50 -74 -95 53 36 27 78 -37 -49 65 97 54 40 76 -40 -18 -16 -92 75 89 49 2 -11 70 52 -5 63 8 -25 -40 26 -67 -84 42 -27 77 -44 
-6 -54 -94 -60 14 57 17 23 -11 83 57 59 9 -3 10 -46 54 -26 -42 -92 36 -99 -100 13 -35 48 5 -36 -70 28 86 -21 53 -32 -56 -46 3 77 81 25 4 -23 -30 86 -12 33 -88 -88 -6 92 20 -42 -76 -49 12 -96 -67 87 57 -66 
-81 38 49 5 66 -6 63 -32 59 14 -66 -31 -19 -92 -96 -88 -41 -58 94 83 77 -85 35 -11 14 94 97 -31 -94 78 42 17 84 17 39 -17 11 -10 -27 91 -47 -43 -84 -99 -45 -57 -81 -43 60 59 -40 55 -91 24 -70 -8 -91 80 -14 74 
-21 -38 42 -43 -37 18 100 -69 -39 -2 99 -43 -34 -83 -29 -44 -63 60 -68 -80 -10 -41 13 36 -72 -14 1 -72 94 -17 18 -80 97 53 90 91 87 58 -17 11 -71 -93 85 -65 84 75 -5 88 -45 -1 60 26 -59 32 2 50 -99 75 -34 55 
-85 -45 -9 69 76 76 27 84 -60 -24 -69 -34 10 70 84 -33 -69 12 32 29 -94 -10 0 -61 8 98 -3 -33 -62 -36 43 88 -20 -57 11 33 98 25 -84 31 -60 -89 -84 39 17 -2 -25 -66 -36 -61 81 -48 -90 90 -45 42 7 88 30 19 
-21 -98 7 35 72 -2 -70 -99 -60 -78 100 -7 -82 -27 38 -91 -54 -86 82 6 85 100 48 -19 53 -53 -38 -43 -96 54 -63 62 -4 -10 57 -82 79 63 28 28 80 76 68 -88 -8 -100 -96 -98 -8 -95 -10 -73 -48 -97 89 56 -69 -13 52 90 
51 75 -20 100 22 78 -15 46 -100 75 -39 -65 -53 37 -95 80 -68 -67 19 -25 84 1 18 -23 -7 41 88 -61 42 14 91 40 10 39 -22 19 6 -26 8 24 47 -9 34 -17 -76 39 -97 -54 -52 -54 -7 66 72 -27 -47 -81 -82 -89 91 60 
-25 -10 67 18 35 -28 96 -23 -20 86 47 -93 -97 85 42 -49 -62 -98 41 -88 16 5 -44 0 46 -75 -91 -18 54 17 -54 64 -20 25 84 66 93 -20 72 52 -43 27 16 1 -37 -56 53 9 68 89 -39 -18 -16 -51 95 67 -97 -75 -70 8 
54 8 -98 -71 -17 -6 7 78 -21 29 -50 57 -63 6 66 85 -86 66 -27 98 -26 48 -41 54 1 66 -71 32 -26 76 22 32 98 8 -86 41 90 -79 99 -50 32 51 -25 -73 96 48 44 69 18 -77 -50 -22 87 24 64 70 72 83 -4 28 
-6 76 -82 21 30 -62 37 4 -56 -48 -79 -86 93 29 -80 -12 -40 -35 83 8 29 -4 92 -93 86 0 -13 45 -96 -72 -24 67 86 -87 -86 14 -73 85 -15 -66 87 43 48 -81 86 -63 27 76 96 -96 84 -35 -33 -9 -95 24 -7 -57 43 63 
95 -81 54 -90 49 5 66 -6 63 -32 66 46 2 64 -19 -92 -96 -88 -41 -16 -12 11 85 83 -15 -28 39 72 -32 -94 78 42 17 84 17 39 11 -10 37 -6 -43 -84 -9 -45 -57 -81 46 -16 19 59 -40 55 -91 24 61 72 -17 -70 -45 -73 
-95 65 68 65 5 28 64 -76 9 58 -43 -34 -83 -33 94 -19 -58 -54 -58 30 27 -86 -95 63 93 43 70 10 -36 89 63 24 -52 7 86 -31 36 -60 -70 94 -67 -14 19 66 -16 52 -62 -40 25 44 -98 70 -58 -85 -94 34 63 30 -79 -58 
-70 -91 58 -86 -49 10 58 92 -69 -47 53 70 84 -33 -69 12 32 29 -94 -10 0 -61 52 98 -3 -33 -62 -36 43 88 -30 -31 33 -28 25 -45 49 0 -59 75 17 33 -2 -25 11 24 92 82 61 -79 91 -45 -99 7 94 30 19 -21 -98 7 
35 -83 -76 93 92 97 -78 100 -7 -82 -27 38 -91 -54 -86 -4 6 85 100 -24 83 -53 -38 -43 24 -32 33 41 40 -21 14 5 -83 -42 17 70 56 80 76 68 -88 -11 -100 -83 24 9 -13 -23 83 82 -76 -58 -30 61 -27 86 71 -75 -56 -35 
-87 15 -15 -57 32 3 -14 86 -10 -22 -15 43 28 -96 -100 38 29 -93 18 -23 -7 41 88 -47 14 91 40 10 39 -63 -46 -74 3 -31 71 -88 47 -9 34 -58 46 -37 -97 -27 -47 -81 -82 -89 91 60 -25 -10 -24 -78 -5 12 36 -10 -89 -13 
47 -93 -71 -90 16 4 68 59 -78 23 -55 -45 -10 80 -33 32 65 68 32 -13 3 -11 -20 25 12 -57 93 -87 44 -35 40 74 15 -71 -98 53 -91 53 9 68 89 -39 -18 -16 -51 95 37 -32 -52 -33 73 -95 60 -33 -91 -11 19 1 -30 42 
4 3 44 6 66 85 -86 66 -26 -36 -6 80 61 61 0 6 32 -26 76 22 32 98 8 -86 41 90 -94 94 -50 32 51 -25 -66 68 77 -57 -53 54 -24 -61 98 -36 -61 -32 72 83 -4 28 -6 76 -82 24 -83 83 98 -49 85 -91 -12 78 
41 -1 -28 28 26 25 -94 -85 22 50 -35 13 -71 -84 -89 88 -99 -72 -24 67 86 -87 85 -63 -62 46 36 -31 62 16 -31 86 -63 27 76 96 -96 84 -92 30 23 -64 100 -66 -11 -81 42 -38 75 93 50 76 -80 -94 -88 -31 -86 44 -79 -45 
-85 -28 39 72 -32 81 64 75 48 15 -38 36 -17 -61 -5 37 91 -53 -23 36 76 -38 -45 -27 -43 60 97 84 44 78 -82 -21 -8 -91 58 -70 -45 -73 -95 65 68 -43 -37 18 100 -76 9 58 71 -79 -95 19 -33 94 -63 60 -68 -80 -10 -41 
13 36 -72 -14 1 -72 94 -17 18 -80 97 53 90 91 87 58 36 11 -71 -93 85 -65 84 75 -5 88 -45 -1 60 26 -59 32 2 50 -99 75 -34 55 -85 -45 -9 69 76 -86 -49 10 58 92 60 -86 -34 10 -85 37 48 -78 40 21 -97 -56 
46 -4 -88 -56 -87 100 -32 18 78 -32 29 -30 -31 -95 -93 -28 25 -45 49 -77 -89 -84 39 17 -40 -87 -86 -66 -43 92 82 61 70 91 -45 -99 51 94 83 -10 -68 36 28 -31 72 -2 -70 92 97 -60 49 52 -41 57 16 -38 -37 -43 68 -30 
88 59 48 -19 -33 -13 -38 0 -96 54 -63 62 -4 14 5 -83 -42 17 70 56 -12 -72 -10 83 -11 -23 -83 -61 -8 -95 -10 -73 -48 -97 89 56 -69 -13 52 90 51 75 -20 100 -36 78 85 46 32 3 -14 86 -10 -53 37 -95 80 -68 -67 19 
-25 84 0 47 -54 -46 -90 -20 -47 14 -72 95 -15 -19 7 -22 19 6 -26 14 71 -11 -97 18 -81 -58 46 -97 -88 -73 -54 7 -52 -73 7 -73 7 37 -26 39 -36 -93 -41 21 85 -33 67 -59 81 -24 -78 -5 12 36 -10 -89 31 -33 -76 -97 
85 42 -49 -62 59 -78 23 -55 -45 -10 80 -33 32 65 68 32 -13 3 -54 64 -18 12 -57 -83 22 -91 72 52 -43 27 16 1 -37 -56 -61 98 41 54 -69 -39 -43 84 5 81 -97 -32 -52 -33 73 -9 8 -98 -71 -17 -6 7 78 -21 4 73 
57 80 -7 32 74 69 -29 -26 52 -26 48 -41 54 1 66 -84 -54 -17 34 -20 32 -53 -57 -87 37 -75 99 73 -92 96 48 74 -66 68 77 -57 -53 54 -24 -61 98 -36 -61 -32 -1 77 12 64 -47 -68 41 -99 -83 -75 -62 37 4 -56 -48 -79 
-82 -23 -76 -94 67 -76 54 -90 32 4 -6 60 -31 -19 66 46 2 17 -85 30 47 86 -18 -38 83 11 85 83 -15 -28 -40 72 -32 81 64 75 48 15 -38 36 99 -61 -5 91 -47 -23 36 76 -38 -45 -27 -16 97 84 44 78 -82 -70 72 -17 
80 -14 74 -21 -38 42 32 65 5 28 -69 -39 -2 99 -43 -95 19 -33 -44 -63 -58 -54 -58 30 27 -86 -95 63 93 43 70 10 -36 89 63 24 -52 7 86 -31 36 -60 -70 94 -67 -14 19 66 -16 52 -62 -40 25 44 -98 70 -58 -85 -94 34 
63 30 -79 -58 -70 -91 58 55 76 27 84 -60 60 -47 53 -97 -85 37 48 -78 40 21 -97 -56 46 -4 -88 98 -87 100 -32 18 78 -32 29 -57 11 -93 -28 -84 31 -60 0 -59 75 31 33 -87 11 24 -36 -61 81 78 70 91 80 -99 -99 51 
2 83 -10 -68 36 28 -83 -76 93 92 -99 -60 49 52 -41 57 16 -38 -37 -43 68 82 6 59 48 -19 53 -13 11 0 -32 33 41 40 -10 57 -82 79 63 28 28 -69 -12 -72 -10 -8 14 -83 -8 -13 -23 83 82 -76 -58 -30 61 -27 86 71 
-75 -56 -35 -87 22 -15 -57 32 -100 75 -39 -65 31 -22 -15 43 28 -96 -100 38 29 -93 0 47 -54 -46 -90 -61 42 -72 69 -15 -19 7 -46 -74 3 -31 8 24 -11 -97 18 -17 -76 -37 -97 7 -7 -26 39 -36 -93 -41 -98 85 -33 67 -59 81 
18 35 -28 96 -23 -20 86 31 -33 -76 -90 16 4 68 59 -78 41 -88 16 5 -44 0 46 -75 -91 -18 54 17 -54 64 -18 -36 84 66 93 -87 44 -35 40 74 15 -71 -98 53 -61 98 41 54 -69 -39 -43 84 5 81 37 -32 -52 -70 8 -9 
60 -33 59 -11 19 1 -30 29 -50 3 44 80 -7 32 74 69 -27 98 -36 -6 80 61 61 0 6 -84 -54 -17 34 -20 32 -53 -57 -87 37 -75 -94 73 -92 96 48 -73 96 48 44 69 18 -77 -50 -22 87 24 64 -1 77 12 64 -47 -68 41 
47 -18 -38 -77 77 -85 35 -11 14 -40 72 -32 81 64 75 48 15 -38 36 99 -61 -5 91 -47 -23 36 76 -38 -45 -27 -16 97 84 44 78 -82 -70 72 -17 80 -14 74 -21 -38 42 32 65 5 28 -69 -39 -2 99 -43 -95 19 -33 -44 -63 -58 
-54 -58 30 27 -86 -95 63 93 43 70 10 -36 89 63 24 -52 7 86 -31 36 -60 -70 94 -67 -14 19 66 -16 52 -62 -40 25 44 -98 70 -58 -85 -94 34 63 30 -79 -58 -70 -91 58 55 76 27 84 -60 60 -47 53 -97 -85 37 48 -78 40 
21 -97 -56 46 -4 -88 -56 -87 -3 -33 -32 18 78 -32 29 -57 11 -93 -28 -84 31 -60 0 -59 75 17 -40 -87 11 24 -36 -61 81 78 70 91 80 -99 -99 51 2 83 -10 -68 36 28 -83 -76 93 92 -99 -60 49 52 -41 57 16 -38 -37 -43 
-4 -30 85 100 -24 83 53 -13 11 0 -32 33 41 40 -10 57 -82 79 63 28 28 -69 -12 -72 -10 -8 14 -96 -83 24 9 -13 -23 83 82 -76 -58 -30 61 -27 86 71 -75 -56 -35 -87 22 78 85 46 -100 75 -39 -65 31 -22 -15 43 28 -96 
-100 38 29 -93 0 47 -54 -46 -90 -61 42 -72 69 -15 -19 7 -46 -74 3 -31 8 24 -11 -97 18 -17 -76 -37 -97 -52 37 -26 39 -36 -93 -41 -98 85 -33 67 -59 81 18 35 -28 96 -23 -20 86 31 -33 -76 -90 16 4 68 59 -78 41 -88 
16 5 -44 0 46 -75 -91 -18 54 17 -54 64 -18 -36 84 66 93 -87 44 -35 40 74 15 -71 -98 53 -61 98 41 54 -69 -39 -43 84 5 81 37 -32 -52 -33 -9 60 -33 -39 -17 -6 7 1 -30 29 -50 3 44 80 -7 32 74 69 -27 98 
-36 -6 80 61 61 0 6 -84 -54 -17 34 -20 32 -53 -57 -87 37 -75 -94 73 -92 96 48 -73 96 48 44 69 18 -77 -50 -22 87 24 64 -1 77 12 64 -47 -68 41 -99 21 30 83 98 -49 85 -91 -12 78 -16 -1 -28 28 26 25 -35 83 
-85 -38 83 85 83 35 -11 14 94 97 -31 -94 78 42 17 84 17 39 99 -61 37 91 -47 -43 -84 -9 -45 -57 -81 -43 60 59 -40 55 -91 24 -70 -8 -91 80 -14 74 -21 -38 42 -43 -37 18 100 -69 -39 -2 99 -43 -34 -83 -29 -44 -63 60 
-68 -80 -10 -41 13 36 -72 -14 1 -72 94 -17 18 -80 97 53 90 91 87 58 -17 11 -71 -93 85 -65 84 75 -5 88 -45 -1 60 26 -59 32 2 50 -99 75 -34 55 -85 -45 -9 69 76 76 27 84 -60 -24 -69 -34 10 70 84 -33 -69 12 
32 29 -94 -10 0 -61 8 98 -3 -33 -62 -36 43 88 -20 -57 11 33 98 25 -84 31 -60 -89 -84 39 17 -2 -25 -66 -36 -61 81 -48 -90 90 -45 42 7 88 30 19 -21 -98 7 35 72 -2 -70 97 -78 100 -7 -82 -27 38 -91 -54 -86 82 
6 85 100 48 -19 53 -53 -38 -43 -96 54 -63 62 -4 -10 57 -82 79 63 28 28 80 76 68 -88 -8 14 -23 -98 -8 -95 -10 -73 -48 -97 89 56 -69 -13 52 90 51 75 -20 100 22 78 -15 46 -100 75 -39 -65 -53 37 -95 80 -68 -67 19 
-25 84 1 18 -23 -7 41 88 -61 14 94 69 40 -84 7 -22 19 6 -26 8 24 47 -9 34 -17 -76 39 -97 -54 -52 -54 -7 66 72 -27 -47 -81 -82 -89 91 60 -25 -10 67 18 35 -28 96 -23 -20 86 47 -93 -97 85 42 -49 -62 -98 41 
-88 16 5 -44 0 46 -75 -91 -18 54 17 -54 64 -20 25 84 66 93 -87 72 52 -43 27 16 1 -37 -56 53 9 68 89 -39 -18 -16 -51 95 67 -97 -75 -70 8 54 -95 -98 -71 -17 -6 7 78 -21 29 -50 57 -63 6 66 85 -86 66 -27 
98 -26 48 -41 54 1 66 -71 32 -26 76 22 32 8 -86 41 90 -79 99 -50 32 51 -25 -73 96 48 44 69 18 -77 -50 -22 87 24 64 70 72 83 -4 28 -6 76 -82 21 30 -62 37 4 -56 -48 -79 -86 93 29 -80 -12 -40 -35 83 8 
