30
-65 -96 -17 -47 -1 -99 -96 99 -50 -92 -31 -85 29 -95 87 -34 12 32 80 33 35 92 43 36 28 9 -42 34 76 64 
69 -92 40 45 72 81 91 -33 36 90 83 49 -89 50 -73 -2 -32 7 -32 61 69 27 -37 -66 52 10 63 -50 28 -77 
-81 -47 48 -11 -65 2 45 85 72 77 -5 45 43 74 -28 16 -40 -80 21 24 0 -77 61 -12 -3 57 17 62 75 -46 
62 68 47 -88 -17 74 -4 28 -33 -9 -30 -8 -96 82 -97 51 100 -62 94 44 58 -65 -41 -97 -69 75 -24 74 8 -26 
83 27 75 -81 78 -73 -83 -47 -75 -59 -54 -18 -34 -38 -64 -99 -10 64 7 63 -49 -35 50 49 -31 79 -12 45 -49 4 
69 -5 -7 87 -34 -69 12 46 57 -91 -52 -11 66 30 -11 -12 -25 -10 -24 -12 -88 88 -92 84 -39 -48 -81 35 -29 -12 
-56 78 -97 -81 67 13 -71 68 10 11 -24 57 22 78 -99 -55 55 -78 25 -9 18 14 100 26 -96 -96 -53 69 15 -25 
-87 29 95 -93 19 -81 -43 18 22 79 84 -69 43 -17 27 -11 -73 96 30 60 -34 56 55 -88 32 -57 -16 60 28 -22 
-81 -11 -85 -27 97 11 81 -33 -93 26 90 61 -31 22 -91 29 34 -93 -64 57 16 -27 -48 -71 47 -48 -94 73 -17 -86 
-56 -38 76 -70 92 52 10 71 15 17 -62 -7 -87 -98 95 92 81 20 -43 -63 -38 -13 -65 13 76 -40 -11 -63 17 -98 
49 -67 87 -39 82 -72 -38 38 74 70 65 98 -26 -16 -48 40 -68 33 12 28 61 -17 39 43 34 -91 4 -95 -58 -52 
-59 42 -85 45 2 -15 36 38 -49 1 -58 -16 -75 -38 39 -99 -1 5 9 49 -95 98 79 47 100 22 14 99 -12 12 
-3 -98 -58 -44 78 79 96 64 72 8 22 54 10 68 -14 -58 -94 100 32 -39 -15 6 98 62 -91 -52 66 -100 100 -88 
-7 3 -9 71 -36 21 86 69 91 -1 83 -77 -11 59 68 73 -42 14 -58 19 -23 -14 -79 81 86 -12 53 -73 13 91 
-100 8 -14 84 -11 -55 53 -7 78 68 29 -33 46 69 48 61 -62 65 -80 -89 -2 64 68 -40 31 2 13 -56 22 -90 
-70 -59 -36 -52 -14 98 35 71 -78 -28 13 -71 -96 60 25 25 76 -21 53 -54 20 -71 10 1 62 -13 -59 -10 -17 -4 
65 -87 -13 10 -74 -53 49 -59 -90 -44 -53 95 -34 5 97 -28 52 -85 -3 71 86 -56 -19 -100 -30 82 -12 -38 -73 12 
-55 -83 52 39 -5 73 44 2 -70 -77 93 -83 69 55 -64 -12 -80 -49 79 65 18 29 13 -96 59 -50 16 26 -56 -62 
-30 22 32 -17 -36 -84 5 -55 -97 -18 27 -76 20 28 -2 27 -81 94 17 -48 67 37 -48 67 3 71 -93 -73 99 -88 
20 95 36 32 17 -59 -31 -58 -55 39 -81 -13 21 -11 -56 -88 -22 2 89 61 -35 -27 -8 81 -40 32 -16 53 11 -77 
-38 36 88 39 97 12 -16 -95 -91 25 38 67 -4 -21 20 65 -1 61 63 57 -56 66 55 76 -21 -26 -40 -74 88 -42 
71 -38 54 0 -2 -10 -6 100 33 23 -37 85 11 -52 32 -72 -90 -37 -98 73 -41 -62 64 -43 69 -75 -72 -51 -40 -69 
30 -59 -89 65 44 -69 -69 -21 -34 22 -6 -53 56 5 -20 -54 -22 -90 51 69 -14 12 32 -68 68 -66 77 71 82 75 
-38 -35 -22 13 -42 -78 -94 32 -43 58 -93 96 61 -32 -69 96 1 70 -57 40 96 -92 -59 -41 -83 91 85 -11 47 69 
-55 10 39 -84 79 3 -26 -64 1 -95 10 14 72 -1 -16 38 48 -60 -85 -85 85 -51 -77 21 -12 -70 78 -30 76 40 
6 49 -7 -33 75 72 -72 25 51 -61 -25 -42 -79 23 8 60 24 25 20 -46 -81 -86 54 -70 34 10 40 14 -65 74 
13 64 -15 -17 -57 64 -60 76 -92 -34 -85 31 37 1 -2 -84 77 25 7 -13 6 -91 -92 86 26 -75 -38 -36 -61 61 
-39 -71 30 20 15 -97 65 29 -36 -7 31 -89 23 29 27 50 26 59 91 -86 -2 -58 34 30 76 57 69 -67 -17 -31 
-31 -87 15 -51 -22 34 24 -12 -3 -91 -57 -4 8 93 43 25 -6 -87 -61 -84 61 39 -57 -80 53 -39 8 100 -50 -79 
16 -2 -14 28 -68 51 71 -76 12 -30 -86 -45 -28 -34 38 78 -86 39 50 -56 59 68 3 1 -70 2 24 26 -69 56 
