80
-93 60 35 27 72 -84 -100 -11 36 68 31 87 45 -47 26 -6 -77 48 -39 -59 72 23 -25 -87 45 -87 -6 -15 64 20 -24 -8 7 -53 -67 -46 53 -60 -63 100 -81 37 23 -8 23 5 -28 -51 34 -58 65 43 -31 42 17 11 30 0 -78 100 -60 -55 96 94 65 -74 -66 51 91 -79 73 -84 -45 -51 -66 77 -87 -19 10 36 
-53 50 -43 98 51 36 -55 14 61 -89 94 -65 -68 45 31 -65 5 -51 -55 9 23 79 -18 62 -26 7 92 -75 75 -55 32 68 -76 -19 84 3 -31 -30 91 -90 -38 47 -98 -33 -93 -49 -75 -46 -42 85 7 -10 -30 52 74 93 71 49 36 -80 18 -83 37 -72 76 42 61 -92 92 -87 60 -93 57 44 -59 -28 72 11 100 13 
11 -65 53 -25 -47 9 -17 -74 -26 70 19 -80 -11 33 -17 -73 70 -13 94 91 99 -82 23 99 14 -99 -64 -79 29 -45 78 86 29 48 -34 -50 -37 95 -97 -63 90 45 90 45 63 -16 35 -27 -8 -38 -32 58 9 -53 49 -31 47 60 95 -35 -17 55 -25 -15 100 -23 -98 -91 49 -33 48 50 20 -38 -15 -86 73 100 -97 29 
79 73 -42 56 -20 14 -52 87 -77 62 20 63 -85 34 35 -39 63 36 -28 -67 -60 -70 16 -59 40 -72 -72 99 31 96 -23 18 -15 65 63 26 -44 13 53 67 21 72 88 43 -58 22 -93 10 -47 -71 9 -37 30 -40 6 -8 -91 -67 -5 -63 -4 -89 -43 72 -4 67 -75 74 -79 42 -73 -37 46 52 96 -94 81 -35 -44 -73 
-3 -16 71 23 59 -1 21 16 -28 78 -62 1 31 -93 33 -22 97 -78 53 -17 81 40 54 -57 -31 99 -6 -100 -23 4 57 58 -46 -25 67 -69 66 99 63 -56 -37 -39 -1 5 -2 4 -73 -47 -52 61 -54 -98 -40 -65 40 78 -93 67 -27 8 27 40 -11 42 54 -56 91 -86 -55 -50 44 -74 -2 -29 -91 -1 -80 76 80 -66 
-7 68 86 -73 -4 40 -99 63 -74 -51 12 -25 -61 -34 12 63 78 82 95 -11 25 -3 88 -32 -83 -65 -2 -11 4 -41 55 -64 -99 -97 -12 66 -43 55 38 44 25 89 74 -39 39 12 -81 -54 71 79 64 65 27 -53 27 0 52 -14 -54 36 19 -23 57 -6 -64 -73 78 100 34 43 49 -65 74 81 -30 -92 -18 -5 22 99 
9 50 67 61 -61 25 -33 63 -75 98 -20 79 13 -80 78 -56 -24 -89 -91 -79 -8 90 -59 46 37 85 -8 -85 -70 39 -98 68 -51 80 -34 50 -5 16 98 -81 51 -15 61 -97 53 -74 -26 -60 -37 -15 -49 -20 86 -19 -25 15 -44 -3 28 -42 51 -44 83 38 59 67 -97 42 10 57 -53 -57 86 5 34 -77 -82 -21 -90 99 
-19 38 60 59 81 -15 -5 -56 -12 -47 -9 36 -67 79 -10 -24 -65 69 63 27 -74 25 -5 23 33 68 5 62 63 -29 72 16 88 46 12 1 -7 63 33 -50 -75 72 81 87 21 98 6 97 -75 4 0 -72 -33 39 14 39 -62 -48 -25 91 22 -92 -16 38 24 48 -5 -20 -75 -3 -15 -69 47 2 37 2 -83 -68 -73 6 
50 91 -11 56 -65 66 94 -61 -95 100 -6 -86 44 -96 36 67 78 40 -58 10 -7 84 74 73 -76 67 -84 10 -14 -77 -77 8 96 -45 -98 46 -89 -80 -87 67 -65 -75 -89 25 -10 90 -42 -88 -63 26 41 -73 -93 4 -44 -24 12 -31 58 98 86 -30 66 -90 -96 -69 19 -57 -41 12 79 88 9 33 11 97 38 -18 -56 -57 
83 -89 -93 -15 -91 -92 71 -67 -14 -44 4 -72 -59 -19 77 93 -74 -29 9 -4 -59 -35 -4 -79 84 -73 -64 76 7 92 33 -54 -98 -8 12 58 -74 60 88 2 -5 -99 41 -70 45 64 16 -53 -99 -79 -52 -52 -52 -50 -100 21 62 61 -99 -91 -87 -23 -39 -89 -8 85 -9 -88 -16 -88 -81 68 -100 -47 -1 39 43 -89 83 90 
45 -5 26 -6 -77 39 59 -10 98 23 80 -87 45 -87 -6 -15 64 20 -24 33 -87 -82 -67 -46 53 8 23 28 86 -12 72 7 -8 95 5 95 -27 -35 3 -60 97 28 -31 20 12 -94 30 0 -78 100 8 -51 58 80 -88 -36 18 -14 46 0 -32 -40 -51 -66 77 -87 -19 -1 30 -53 50 74 -84 98 81 -6 -2 30 61 -89 
-10 -65 92 -13 69 -65 5 -51 67 -38 -66 -86 28 -54 -27 92 -14 -64 9 70 -53 -35 -11 37 2 -98 -88 0 11 25 47 -98 -20 -26 60 -50 36 2 74 -8 7 -10 52 14 89 59 6 64 58 2 -83 37 -35 -58 76 -5 -30 74 47 4 -92 -59 5 -39 -64 25 -1 11 43 13 11 -65 53 -25 -47 -63 -17 -74 -26 -27 
51 -53 30 51 44 -56 -12 63 94 -21 17 -7 98 100 84 14 -99 76 -1 10 -45 78 86 29 -55 19 -34 -50 -37 95 -97 -63 90 -2 98 36 91 64 -86 -41 -29 9 -32 -27 72 -55 51 -65 -49 47 13 69 -92 42 83 24 22 -71 -51 33 -12 50 48 50 20 65 -14 73 100 -97 29 79 -45 -42 56 -20 53 38 45 -97 
45 -11 65 25 -9 88 -39 63 36 -28 -67 -60 -70 16 -59 49 -83 -72 99 64 -23 0 -15 65 63 -65 -44 13 -73 56 71 19 85 1 -66 81 78 83 -71 -29 -2 -22 82 0 -56 -20 -8 -43 96 -91 -67 -85 10 -4 2 96 48 -4 67 -75 74 -79 42 -73 -37 46 52 96 -94 81 -35 -44 12 -30 78 61 -65 26 10 26 
-69 39 -36 -46 -39 56 15 -31 -88 -12 75 -17 81 40 54 -57 -31 -55 -50 -66 -34 -68 61 17 -52 -33 -73 46 87 70 68 -32 -37 -39 -98 99 -51 3 -5 -83 -49 95 -98 94 0 40 78 -93 -76 -62 95 -26 43 45 54 3 91 -86 -55 92 -17 -52 61 -29 -91 -19 90 20 93 23 -100 -72 -44 -16 41 91 -11 -70 -74 -51 
12 -25 -20 -22 77 -6 81 40 -19 -11 25 74 -31 -56 -97 -57 -72 -11 4 -41 55 47 -99 -97 -12 66 -43 55 38 44 -96 -54 -79 -16 12 79 -54 71 79 64 65 85 -71 6 -9 31 96 27 19 -23 28 -7 -51 70 -53 50 34 23 43 2 -65 74 81 43 -92 -46 -49 99 9 86 90 88 45 25 -33 -23 -75 -28 -1 77 
-64 -86 21 -22 65 87 -100 100 90 -59 12 59 49 12 -29 -28 -70 83 16 68 -51 42 -34 50 70 98 -81 51 -15 -34 -97 53 -74 -26 -60 -37 87 -89 -94 -27 -24 -34 -80 -4 45 54 -37 -35 -16 -26 26 9 -97 90 -75 37 92 -75 61 -98 27 78 76 -21 -90 -80 -70 -68 63 81 -15 -5 -56 -77 -90 -44 36 -16 51 50 
23 91 22 23 42 -2 -20 91 3 68 5 62 63 69 -36 18 16 88 46 12 60 -46 33 90 83 -55 24 22 -76 -24 90 -71 -18 -11 6 88 89 7 14 97 -62 -48 28 -67 34 -62 28 14 -52 28 -27 -35 -98 -29 69 -99 73 -50 56 65 -55 49 73 -21 50 91 -11 56 -65 66 94 -61 -95 100 -6 -86 44 -96 36 -1 
-36 -74 -37 -89 38 -21 23 62 -31 93 -84 10 81 -24 -88 -47 -88 86 -52 53 75 -100 69 92 69 89 70 -75 74 -24 89 -20 -20 3 -39 41 -73 -93 4 -27 -32 67 -25 -43 90 -72 -30 66 -90 -96 -69 19 45 34 81 -55 79 88 9 33 11 86 -55 71 -40 29 -3 86 88 -15 -18 -45 -45 59 -46 -7 65 15 -62 39 
-50 53 -43 91 80 13 84 -35 -65 -40 -24 -73 54 -59 -10 63 -40 3 61 -97 -84 54 -52 30 60 88 2 -5 -99 41 -70 45 64 16 -53 -99 -79 -52 -52 18 5 -55 -85 -52 -93 -67 23 -29 52 -10 -11 52 50 61 -26 -84 -88 52 68 -100 -94 41 -56 -81 13 -63 79 -92 89 -32 13 40 -80 12 -89 95 43 -62 -26 22 
68 96 -47 -48 -52 -92 39 -39 -59 23 80 -87 45 52 -77 23 63 -29 -8 7 -87 -48 93 31 8 23 28 86 -12 72 7 23 -22 -29 -27 -35 3 65 43 -57 42 20 12 -94 -3 44 100 -60 -51 58 58 80 -88 -36 18 -14 91 -79 73 -84 -45 -79 -94 -28 -14 10 36 13 -46 74 -84 51 -6 36 -55 14 -9 -10 96 92 
45 31 26 37 -55 9 23 79 -86 28 -54 -27 92 -14 -75 9 -55 -53 -76 -19 84 2 -98 -88 0 11 25 93 76 -20 -26 60 -50 36 2 74 -8 54 -17 52 74 93 71 49 36 -80 -27 66 -35 -58 8 61 -92 92 -87 60 -42 5 -39 -64 25 -1 43 93 -70 -75 -72 -63 -56 9 17 -1 -88 -27 95 19 -80 -11 33 -17 
-73 -13 -21 17 -7 98 100 84 65 58 76 -1 10 49 38 -56 -55 19 -24 54 95 16 -99 87 5 -2 98 45 63 64 -86 -41 -29 9 -27 72 -55 51 -65 -49 56 95 -35 -17 55 -25 -15 100 -23 -98 -91 49 -33 6 12 -38 -15 -72 10 -4 93 79 73 21 21 14 53 38 45 -97 45 -11 65 25 -9 88 -98 54 -27 -49 
-94 -4 -59 -60 49 -83 75 75 -64 96 -27 0 62 89 13 -44 13 -73 -8 67 21 72 88 -20 -66 81 28 10 -47 -71 9 -37 0 -56 -20 -8 -88 -5 -63 94 -25 -43 -57 48 -73 6 -89 99 62 -80 -77 26 -24 -91 22 46 18 91 -30 12 -30 71 23 59 26 21 16 -41 39 -36 1 31 56 15 -31 -88 -12 53 -70 12 
-93 -28 -77 -55 -50 -66 -34 -68 61 58 -46 -25 67 87 70 68 -32 65 99 -1 5 -2 4 -73 -47 -52 61 -54 -74 -40 -65 45 83 5 -27 8 27 40 -11 42 43 -95 -90 63 -50 44 -74 -2 -67 -67 -59 -19 90 76 80 -66 -7 -3 -72 -44 -16 41 91 -11 -70 -67 12 -25 -24 -61 -22 12 63 78 50 -19 -35 -12 74 -31 
-56 -65 -2 -32 -82 -97 23 19 -64 25 21 -86 -95 55 38 44 25 -54 74 39 -1 79 -54 26 94 16 -31 27 -71 6 39 52 -14 49 81 48 28 -7 -51 70 -53 100 23 -84 2 53 -25 56 -92 -46 -46 -49 -3 9 50 67 61 45 8 63 -44 98 -20 79 13 -80 78 21 -22 65 -91 -79 96 73 12 59 49 12 -29 -28 
83 86 -98 33 42 -87 82 82 70 18 30 -93 38 -87 -34 -94 -95 79 12 55 -15 -49 -20 86 -19 -25 -80 -4 45 54 -37 -35 -16 -26 26 9 -97 42 10 -75 37 92 -57 86 5 34 -77 -82 -74 -89 20 -70 38 60 59 12 -89 -44 -12 -47 -9 36 -16 13 -10 -24 -65 69 63 27 -2 25 -5 91 3 -75 97 59 -71 69 
-36 18 -39 4 -82 60 -7 94 90 72 81 87 21 98 6 -3 -71 -18 -11 6 88 89 7 14 97 -48 -25 34 -92 28 38 24 48 63 -35 -98 -29 69 -99 73 -50 56 65 -55 -68 73 -21 35 -63 -19 14 35 87 78 -34 -60 -62 83 68 -13 41 -99 -4 67 78 40 -37 10 -7 84 74 73 -76 67 -5 -80 -14 -77 -88 -47 
-88 86 -52 53 75 -100 69 92 -65 -75 -89 25 -10 90 -42 -88 -63 26 -18 51 -93 4 -44 -27 -32 67 -25 -43 90 -72 38 -9 5 98 33 45 34 81 -55 -26 27 73 20 -98 -55 71 12 72 95 -3 -92 84 -41 -7 50 -59 69 18 83 -56 -93 -43 64 57 -39 -42 24 18 0 71 -59 37 -1 29 -2 74 30 86 -75 -6 
-46 -34 50 -66 67 -93 -10 54 84 27 26 99 -62 99 -43 -73 -3 97 86 82 40 41 62 14 25 2 32 50 15 -48 -92 43 55 -88 -60 0 67 -96 40 29 100 42 -74 81 -19 -2 27 29 88 -57 76 -95 -92 -73 -78 -10 57 -48 56 -41 -99 -48 99 44 37 -27 66 14 14 -89 51 31 34 46 75 -34 -80 95 23 57 
-93 60 92 -89 -38 11 55 100 74 -61 36 31 96 51 -48 51 -6 48 48 37 -59 72 13 -25 -46 -24 52 -77 23 63 -29 66 29 -53 -48 93 53 -49 -60 -63 100 -81 -12 23 7 25 95 5 -28 -51 3 3 -60 97 28 -31 42 17 11 -94 -3 44 99 -47 8 -55 58 58 80 -74 -66 51 -55 46 0 -32 -40 -45 -79 -94 
-28 -14 77 -1 30 -53 50 -43 -84 98 81 36 30 30 -9 -33 96 92 -68 31 31 26 37 -58 67 -38 -66 -42 -18 62 -26 7 92 -14 -64 9 -55 32 68 -11 -19 84 3 -31 -30 91 -90 93 76 -76 -33 -93 -49 -75 -46 -42 85 -8 54 -17 -30 14 89 59 6 64 58 2 -27 66 0 -72 44 8 -5 -30 74 47 4 -92 
57 70 -39 -64 25 -1 11 43 93 -70 -75 -72 -63 -56 -62 17 -1 -88 -26 70 51 -53 30 51 44 -56 -12 63 -13 52 91 99 -82 23 99 84 65 58 -79 29 10 49 38 -56 80 48 19 -24 54 95 16 -99 87 45 -2 98 36 91 -83 35 -27 -8 -38 9 -32 58 9 -55 51 -31 -40 56 13 69 -92 42 83 24 22 -71 
-51 33 -91 50 -33 6 12 85 65 -14 -72 10 -4 93 -3 30 73 21 21 -20 89 -52 87 -77 62 20 63 -85 25 35 88 -98 54 -27 -49 -94 -4 -59 -60 24 40 66 -72 99 -1 96 18 0 62 89 26 -65 22 53 56 71 19 85 1 43 -58 22 28 83 -71 -29 -2 -22 82 -40 6 -20 -8 -91 -88 -67 -5 -85 -63 10 
94 -4 2 -43 -8 -88 -67 -5 -63 94 -25 2 96 72 -65 -73 6 -89 99 62 -80 -77 26 -24 -91 22 -94 18 91 -30 12 -30 78 61 -65 59 26 10 26 -69 -28 78 -46 -39 100 -93 33 -22 -88 -12 75 53 -70 12 -93 -28 -77 7 99 -6 -100 -23 4 57 58 -46 -33 -73 46 87 66 99 63 -32 65 99 -29 -98 99 -51 
3 -5 -83 -49 61 -54 -74 -40 -65 45 83 5 -76 -62 95 -26 43 45 42 3 -95 -90 63 -29 92 -17 -52 -2 -67 -67 -91 -1 -80 90 20 93 23 -100 68 86 -73 -4 40 -99 63 -70 -67 1 -15 -20 -61 77 -6 81 40 82 95 -35 -3 88 -31 -56 -97 -57 -32 -82 -97 23 19 56 25 21 -86 -95 47 89 -64 -97 -96 43 
-39 39 -1 -81 26 94 16 -31 27 -53 27 0 -9 31 -14 -54 27 81 48 -68 57 -6 -64 70 -53 50 100 34 23 49 2 53 -25 56 43 -18 -46 -5 -3 25 50 67 61 -61 75 8 -33 -23 -75 -28 -1 77 -64 -86 -25 -56 -24 65 87 -100 100 96 73 -27 46 37 49 12 -29 -28 -70 39 16 -98 33 -26 80 82 50 -5 
16 30 -93 38 -15 61 -48 -94 -95 79 12 55 18 87 -89 -94 -27 -24 -25 15 -44 -3 28 -42 51 -44 83 38 26 9 67 -97 90 10 57 -53 -57 -75 61 -98 27 78 -82 -74 -89 20 -80 -70 -68 63 59 12 -89 -44 -18 -77 -90 -44 -67 79 51 50 23 91 22 23 42 -2 25 -5 23 -75 97 59 -71 -42 -29 72 -31 -39 
4 -82 21 64 17 5 70 63 13 94 90 83 -55 24 22 -76 -24 90 97 -75 4 0 -72 -33 39 40 39 97 -48 28 -25 91 22 -49 -16 14 -52 28 -27 -5 -20 -75 -3 -15 -69 47 2 37 2 -83 -64 -73 35 -63 -19 14 35 87 78 -34 -60 -62 83 68 -13 41 -99 -4 -36 -45 -13 -58 38 -21 23 62 73 -76 67 -5 
81 -24 60 -77 8 96 -45 -98 46 -89 -80 -87 92 69 89 70 -75 74 -24 89 -20 -20 3 -18 51 -76 60 -44 -24 12 -31 58 98 86 -72 38 -9 5 98 33 90 -57 -41 12 -55 -26 27 73 20 -98 97 38 -18 -56 -57 83 88 68 -18 -45 -45 71 -67 -14 -44 4 -72 -59 -19 77 93 -74 -29 9 -4 84 -59 -35 -4 -79 
75 18 5 -55 -85 -52 -93 -67 23 -29 52 -10 -11 52 85 -9 -88 -16 -84 -81 -41 60 -94 -47 -1 39 43 -89 83 90 -61 -33 -30 8 34 23 -11 -31 -12 -3 -71 84 -41 77 -11 -4 -68 -56 -89 -57 -40 -94 -51 92 -39 -42 42 90 58 -50 71 -59 -95 -1 29 5 82 20 29 -38 35 -43 89 -34 50 -66 1 76 41 -78 
41 -92 27 26 34 -62 99 -43 -73 -3 97 86 -11 -14 -100 62 14 -3 -65 -23 32 50 15 -48 81 7 -50 75 -60 0 63 76 83 29 -65 7 -74 -86 90 0 51 88 -57 16 -95 -92 -10 36 -69 -49 -48 -89 48 58 95 99 44 37 -27 92 51 34 -70 50 56 34 -39 -36 57 15 15 4 -34 58 -98 37 -6 16 -2 90 
16 91 -44 -15 -54 -30 -16 99 -58 37 -87 -40 -79 85 -72 -100 -38 58 49 23 -85 40 81 87 -57 47 -10 74 10 -83 -77 -89 4 -48 25 -30 -74 87 -15 -58 3 -22 -7 -67 65 -59 47 -56 -6 -71 59 -30 -29 -28 -1 -27 -2 -29 -3 85 4 40 -48 97 88 91 66 -60 -73 40 -13 -77 31 -44 -93 97 -45 -22 -83 -62 
-60 -70 85 43 14 28 56 -88 29 94 -69 46 -79 18 -34 74 97 92 -26 69 -53 -72 -9 -54 -79 36 -14 -28 31 -92 48 11 -27 -2 18 7 -57 62 -49 13 -35 92 -34 -88 38 57 -42 22 -88 -31 93 62 13 -94 -37 -32 50 -16 -48 -41 16 -7 30 -78 -16 -98 14 -60 19 67 -4 -3 66 -87 -12 55 -89 -30 48 73 
87 -61 -32 -33 -48 10 -35 84 -30 72 77 -62 83 89 82 2 -61 24 -72 -93 -92 -1 -67 -19 33 33 -19 -24 53 10 55 34 -76 6 -60 -92 -20 35 6 -43 -22 62 80 43 -86 13 -31 24 -33 80 93 2 95 -5 -64 63 29 -93 -25 87 78 -58 21 20 56 80 -45 52 13 65 -28 64 1 -60 88 -52 27 -9 -25 20 
84 -63 14 -10 -3 -94 90 -68 90 -71 42 27 -47 -1 41 -97 87 16 7 55 48 -55 63 -56 44 3 19 17 -99 19 -100 18 -96 -34 -28 83 -58 -71 50 -39 97 94 95 -90 11 -58 -57 -98 -79 38 23 13 -42 -59 -35 -36 67 46 65 -4 7 -64 -99 56 -97 -89 45 -90 -28 -78 -32 79 65 -12 90 -82 45 -17 -65 -5 
-41 10 -99 30 -6 13 -54 -51 9 12 9 -82 23 -64 13 -81 16 74 25 -34 67 -4 39 69 29 -61 -23 8 77 93 -27 -68 0 89 -70 -81 93 23 -99 89 -86 78 15 95 66 -70 82 -29 -7 -88 25 11 -74 46 -71 -30 71 -34 -77 62 19 -55 -65 -31 -11 -98 34 2 -38 -89 -31 76 -74 -26 27 -67 56 -62 3 -62 
-12 -3 59 -72 66 -75 -86 75 -19 52 89 28 95 100 -92 -69 43 -76 44 -39 20 -58 -47 74 -72 -30 82 48 -13 31 -30 43 -4 -91 38 2 48 60 42 50 -22 -59 12 -20 70 -18 -86 12 46 -38 67 20 73 55 95 -98 65 -18 19 -80 10 39 72 -32 -41 77 94 -93 -85 -11 32 -48 -62 52 -42 -8 -88 66 -21 -98 
57 3 93 -69 -46 33 -97 70 74 40 96 73 -72 43 -41 -69 37 -88 -42 -26 18 -60 44 -100 12 -30 53 29 -59 -12 57 49 -74 93 34 81 96 -66 39 -20 -14 -56 4 -68 49 89 -100 24 -92 -65 -38 -58 35 33 -22 -56 -18 -33 -67 54 6 -99 28 -97 71 -45 78 -31 -50 -91 12 54 10 28 -50 3 11 76 16 15 
-25 95 -41 75 -93 -77 64 -50 -91 -38 -26 34 76 -39 -22 35 -23 -63 -93 60 -96 -84 18 1 -53 27 -2 -13 -6 92 59 2 88 -66 80 55 -10 12 47 -55 79 94 25 37 -95 -21 23 1 29 9 6 24 85 32 -17 -14 47 13 60 -3 53 -70 100 87 71 -55 -27 -98 -24 -49 8 -59 -91 -70 -1 -44 -67 78 -47 -39 
-37 88 4 100 69 61 35 27 72 -84 -100 -11 36 36 87 45 -47 -48 51 -92 -77 39 59 -10 98 23 80 -87 45 -87 -6 -15 64 20 -24 33 -87 -82 -67 -46 53 8 23 28 86 -12 72 7 -8 95 5 -29 -27 -35 3 -60 97 28 -57 42 20 12 -94 30 0 -78 100 8 -51 58 80 -88 -36 18 -14 46 0 -32 -40 -51 
-66 77 -87 -19 -1 30 -53 50 74 -84 98 81 -6 -2 30 61 -89 -10 -65 92 -13 69 -65 5 -51 67 -38 -66 -86 28 -54 -27 92 -14 -64 9 70 -53 -35 -11 37 2 -98 -88 0 11 25 47 -98 -20 -26 60 -50 36 2 74 -8 54 -30 14 89 59 6 64 58 2 -83 37 -35 -58 76 -5 -30 74 47 4 -92 -59 5 -39 
-64 25 -1 11 43 13 11 -65 53 -25 -47 -63 -17 -74 -26 -27 95 19 -80 30 51 44 -56 -12 63 94 -21 17 -7 98 100 84 14 -99 76 -1 10 -45 78 86 29 -55 19 -34 -50 -37 95 -97 -63 90 -2 98 36 91 64 -86 -41 -29 9 -32 -27 72 -55 51 -65 -49 47 13 69 -92 42 83 24 22 -71 -51 33 -12 50 48 
50 20 65 -14 73 100 -97 29 79 -45 -42 56 -20 53 38 45 -97 45 -11 65 25 -9 88 -39 63 36 -28 -67 -60 -70 16 -59 49 -83 -72 99 64 -23 0 -15 65 13 -9 22 -77 56 71 19 85 1 -66 81 78 83 -71 -29 -2 -22 82 0 -56 -20 -8 -89 -43 96 -91 -67 -85 10 -4 2 96 48 -4 67 -75 74 -79 42 
-73 -37 46 52 96 -94 81 -35 -44 12 -30 78 61 -65 26 10 26 -69 39 -36 -46 -39 56 15 -31 -88 -12 75 -17 81 40 54 -57 -31 -55 -50 -66 -34 -68 61 17 -52 -33 -73 46 87 70 68 -32 -37 -39 -98 99 -51 3 -5 -83 -49 95 -98 94 0 40 78 -93 -76 -62 95 -26 43 45 54 3 91 -86 -55 92 -17 -52 61 
-29 -91 -19 90 20 93 23 -100 -72 -44 -16 41 91 -11 -70 -74 -51 12 -25 -20 -22 77 -6 81 40 -19 -11 25 74 -31 -56 -97 -57 -72 -11 4 -41 55 47 -99 -97 -12 66 -43 55 38 44 -96 -54 -79 -16 12 79 -54 71 79 64 65 85 -71 6 -9 31 96 27 19 -23 28 -7 -51 70 -53 50 34 23 43 2 -65 74 81 
43 -18 -46 -49 99 9 86 90 88 45 25 -33 -23 -75 -28 -1 77 -64 -86 21 -22 65 87 -100 100 90 -59 12 59 49 12 -29 -28 -70 83 16 68 -51 42 -34 50 70 98 -81 51 -15 -34 -97 53 -74 -26 -60 -37 87 -89 -94 -27 -24 -34 -80 -4 45 54 -37 -35 -16 -26 26 9 -97 90 -75 37 -57 -75 61 -98 27 78 76 
-21 -90 -80 -70 -68 63 81 -15 -5 -56 -77 -90 -44 36 -16 51 50 23 91 22 23 42 -2 -20 91 3 68 5 62 63 69 -36 18 16 88 46 12 60 -46 33 90 83 -55 24 22 -76 -24 90 -71 -18 -11 6 88 89 7 14 97 -5 28 28 -67 34 -62 28 14 -52 28 -27 -35 -98 -29 69 -99 73 -50 56 65 -55 49 73 
-21 50 91 -11 56 -65 66 94 -61 -95 100 -6 -86 44 -96 36 -1 -36 -45 -37 -89 38 -21 23 62 -31 93 -5 10 81 -24 -77 -47 -88 86 -52 53 75 -100 69 92 69 89 70 -75 74 -24 89 -20 -20 3 -39 41 -73 -93 4 -27 -32 67 -25 -43 90 86 -30 66 -90 -96 -69 19 45 34 81 -55 79 88 9 33 11 86 -55 
71 -40 29 -3 86 88 -15 -18 -45 62 59 -46 -7 65 15 -62 39 -50 53 -43 91 80 13 84 -35 -65 -40 -24 -73 54 -59 -10 63 -40 3 61 -97 -84 54 -52 30 -38 -95 -61 30 61 -45 -70 45 64 16 -53 -99 -79 -52 -52 18 5 -55 -85 -52 -93 -67 23 -29 52 -10 -11 52 50 61 -26 -84 17 -81 68 -100 -94 41 -56 
88 69 85 35 -89 -38 11 55 100 74 -61 31 100 96 -47 -48 -52 -92 39 59 37 72 13 -25 -46 -24 52 -77 23 63 -29 -8 29 -87 -48 93 31 8 23 28 86 -12 72 7 23 -22 -29 -27 -35 3 65 43 -57 42 20 12 -94 -3 44 100 -60 -55 96 58 80 -88 -36 18 -14 91 -79 73 -84 -45 -79 -94 -28 -14 10 36 
13 -46 74 -84 98 81 -2 30 14 -9 -10 96 92 -13 69 31 26 37 -55 9 23 79 -86 28 -54 -27 92 -14 -75 9 -55 -53 -76 -19 84 2 -98 -88 0 11 25 93 76 -20 -26 60 -50 36 2 74 -8 54 -17 52 74 93 71 49 36 -80 -27 66 -35 -58 8 61 -92 92 -87 60 -42 5 44 -64 72 -1 43 93 -70 -75 
-72 -63 -56 9 17 -1 -88 -27 95 19 -80 -11 33 -17 -73 70 -13 -21 17 -7 98 100 84 65 58 76 -1 10 49 38 -56 -55 19 -24 54 95 16 -99 87 5 -2 98 45 63 -16 64 -86 -41 -29 9 -27 72 -55 51 -65 -49 56 95 -35 -17 55 -25 -15 100 -23 -98 -91 49 -33 6 12 -38 -15 -72 10 -4 93 -3 30 73 
21 21 14 53 38 45 -97 45 -11 65 25 -9 88 -98 54 -27 -49 -94 -4 -59 -60 49 -83 75 75 -64 96 -27 0 62 89 13 -44 -77 53 67 21 72 88 -20 -66 81 28 10 -47 -71 9 -37 0 -56 -20 -8 -88 -5 -63 94 -25 -43 -57 -65 -4 67 6 -89 99 62 -80 -77 26 -24 -91 22 46 18 91 -30 12 -30 71 23 
59 26 21 16 -41 39 -36 1 31 56 15 -31 -88 -12 53 -70 12 -93 -28 -77 -55 -50 -66 -34 -68 61 58 -46 -25 67 87 70 68 -32 65 99 -1 5 -2 4 -73 -47 -52 61 -54 -74 -40 -65 45 83 5 -27 8 27 40 -11 42 43 -95 -90 63 -50 44 -74 -2 -67 -67 -59 -19 90 76 80 -66 -7 -3 -72 -44 -16 41 91 
63 -74 -51 -15 -24 -61 -22 12 63 78 50 -19 -35 -12 74 -31 -56 -65 -2 -32 -82 -97 23 19 -64 25 21 -86 -95 47 89 -64 -97 -54 -79 -16 12 -81 26 94 16 -31 27 -71 6 39 52 -14 49 81 48 28 -7 -51 70 -53 100 23 -84 2 53 -25 56 43 -18 -18 -5 22 -1 25 36 86 90 88 75 8 63 -44 98 -20 
79 13 -80 78 21 -22 65 -91 -79 96 73 12 59 49 12 -29 -28 -28 83 86 -98 33 42 -87 82 82 70 18 30 -93 38 -87 -34 -94 -95 79 12 55 -15 -49 -20 86 -19 -25 -80 -4 45 54 -37 -35 -16 -26 26 59 67 -81 90 -75 37 92 -57 86 5 34 -77 -82 -74 -89 20 -70 38 60 59 12 -89 -44 -12 -47 -9 36 
-16 13 -10 -24 -65 69 63 27 -2 -20 23 -75 97 59 -71 69 -36 18 -39 4 -82 60 -7 94 90 72 81 87 21 98 6 -3 -71 -18 -11 6 88 89 7 14 97 -5 28 -67 22 -49 28 14 38 24 48 63 -35 -98 -29 69 -99 73 -50 56 65 -55 -68 73 -21 35 -63 -19 14 35 87 78 -34 -60 -62 83 68 -13 41 -99 
-4 67 78 40 -37 10 -7 84 74 73 -76 67 -5 -80 -14 -77 -88 -47 -88 86 -52 53 75 -100 69 92 -65 -75 -89 25 -10 90 -42 -20 24 41 -76 60 4 -27 -32 67 -25 -43 90 -72 38 -9 5 98 33 45 34 81 -55 -26 27 73 20 -98 -55 71 -40 29 -3 86 -93 -15 -18 -92 62 59 -46 -7 65 15 -62 39 -50 53 
-43 91 80 13 45 -59 -65 -40 -24 17 54 -59 -10 63 -40 3 61 -97 -84 54 -52 21 -38 18 74 68 18 -61 7 -32 59 -23 40 58 -99 75 -52 -50 -100 21 62 61 -99 -91 -87 -23 -39 -89 -8 85 50 61 -26 -84 17 -41 60 -94 41 -56 -81 13 -63 79 -92 89 -32 13 40 -80 -11 95 43 -62 -26 22 -7 50 -59 69 
-93 85 61 35 27 72 -84 -100 -11 36 68 31 87 45 -47 26 -6 -77 48 -39 -59 72 23 -25 -87 45 -87 -6 -15 64 20 -24 -8 7 -53 -67 -46 53 -60 -63 100 -81 37 23 -8 23 5 -28 -51 34 -58 65 43 -31 42 17 11 30 0 -78 100 -60 -55 96 94 65 -74 -66 51 91 -79 73 -84 -45 -51 -66 77 -87 -19 10 
36 -53 50 -43 98 51 36 -55 14 61 -89 94 -65 -68 45 31 -65 5 -51 -55 9 23 79 -18 62 -26 7 92 -75 75 -55 32 68 -76 -19 37 2 3 -31 -30 91 -90 -38 47 -98 -33 -93 -49 -75 -46 -42 85 7 -10 -30 52 74 93 71 49 36 -80 18 -83 37 -72 76 42 61 -92 92 -87 60 -93 57 44 -59 -28 72 11 
100 13 11 -65 53 -25 -47 9 -17 -74 -26 70 19 -80 -11 33 -17 -73 70 -13 94 91 99 -82 23 99 14 -99 -64 -79 29 -45 78 86 29 48 -34 -50 -37 95 -97 -63 90 45 90 45 63 -16 35 -27 -8 -38 -32 58 9 -53 49 -31 47 60 95 -35 -17 55 -25 -15 100 -23 -98 -91 49 -33 48 50 20 -38 -15 -86 73 100 
-97 29 79 73 -42 56 -20 14 -52 87 -77 62 20 63 -85 34 35 -39 63 36 -28 -67 -60 -70 16 -59 40 79 79 75 -64 64 -23 18 -15 65 63 26 -44 13 53 67 21 72 88 43 -58 22 -93 10 -47 -71 9 -37 30 -40 6 -8 -57 -91 -67 -5 -63 -4 -89 -43 72 -4 67 -75 74 -79 42 -73 -37 46 52 96 -94 81 
-35 -44 -73 -3 -16 71 23 59 -1 21 16 -28 78 -62 1 31 -93 33 -22 97 -78 53 -17 81 40 54 -57 -31 99 -6 -100 -23 4 57 58 -46 -25 67 -69 66 99 63 -56 -37 -39 -1 5 -2 4 -73 -47 -52 61 -54 -98 -40 -65 40 78 -93 67 -27 8 27 40 -11 42 54 -56 91 -86 -55 -50 44 -74 -2 -29 -91 -1 -80 
76 80 -66 -7 68 86 -73 -4 40 -99 63 -74 -51 12 -25 -61 -34 12 63 78 82 95 -11 25 -3 88 -32 -83 -65 -2 -11 4 -41 55 -64 -99 -97 -12 66 -43 55 38 44 25 89 74 -39 39 12 -81 -54 71 79 64 65 34 -53 27 0 52 -14 -54 36 19 -23 57 -6 -64 -73 78 100 34 43 49 -65 74 81 -30 -92 -18 
-5 22 99 9 50 67 61 -61 25 -33 63 -75 98 -20 79 13 -80 78 -56 -24 -89 -91 -79 -8 90 -59 46 37 85 -8 -85 -70 39 -98 68 -51 80 -34 50 -5 16 98 -81 51 -15 61 -97 53 -74 -26 -60 -37 -15 -49 -20 86 -19 -25 15 -44 -3 28 -42 51 -44 83 38 59 67 -97 42 10 57 -53 -57 86 5 34 -77 -82 
-21 -90 99 -19 38 60 59 81 -15 -5 -56 -12 -47 -9 36 -67 79 -10 -24 -65 69 63 27 -74 25 -5 23 33 68 5 62 63 -29 72 16 88 46 12 1 -7 63 33 -50 -75 72 81 87 21 98 6 97 -75 4 0 -72 -33 39 14 39 -62 -48 -25 91 22 -92 -16 38 24 48 -5 -20 -75 -3 -15 -69 47 2 37 2 -83 
-68 -73 6 50 91 -11 56 -65 66 94 -61 -95 100 -6 -86 44 -96 36 67 78 40 -58 10 -7 84 74 73 -76 67 -84 10 -14 -77 -77 8 96 -45 -98 46 -89 -80 -87 67 -65 -75 -89 25 -10 90 -42 -88 -63 26 41 -73 -93 4 -44 -24 12 -31 58 98 86 -30 66 -90 -96 -69 19 -57 -41 12 79 88 9 33 11 97 38 
16 -56 -57 83 -89 -93 -15 -91 -92 71 -67 -14 -44 4 -72 -59 -19 77 93 -74 -29 9 -4 -59 -35 -4 -79 84 -73 -64 76 7 99 33 -54 -98 -8 12 58 -74 60 88 2 -5 -99 41 -70 45 64 16 -53 -99 -79 -52 -52 -52 -50 -100 21 62 61 -99 -91 -87 -23 -39 -89 -8 85 -9 -88 -16 -88 -81 68 -100 -47 -1 39 43 
