90
74 -91 -35 -98 -43 -87 -80 35 35 -23 66 36 -61 -16 -35 -24 -28 17 -64 -23 -92 9 64 -31 -46 -86 47 97 100 67 50 -43 11 30 -39 90 -77 54 2 83 11 -73 -92 -93 -81 -17 51 0 -21 48 -91 -2 -60 85 53 -33 76 -70 -65 -37 -80 69 -71 83 -37 63 -51 -36 -24 92 7 -95 97 -42 -93 -94 28 43 58 58 -97 28 -90 80 99 100 -28 46 -99 -100 
-57 59 -73 -11 23 3 62 46 -67 12 -38 -2 -8 -48 0 -73 -35 -27 -63 -90 90 49 -69 35 -10 51 57 -85 -17 22 43 -38 26 -29 -28 7 72 14 -50 9 64 -2 -42 11 60 -30 -43 56 16 -15 -27 -41 37 -43 97 67 -36 -21 84 -90 -95 -82 -36 -72 73 75 68 -21 98 13 -61 -13 39 70 84 -30 77 -42 100 13 -17 -55 58 -31 98 -90 29 76 79 75 
-45 70 99 -55 30 95 -68 28 -36 63 61 -11 30 -9 -59 -11 -8 21 -60 -8 74 40 0 54 86 -46 -98 -63 -81 50 28 37 58 18 8 17 -35 92 52 -72 66 16 -40 -66 66 -93 46 34 54 -45 73 25 -88 -24 -71 -30 9 -20 7 -68 0 -40 10 -75 14 -95 5 30 98 48 -93 31 -58 81 -16 2 -66 -70 -34 86 -20 -10 97 24 38 28 -3 51 51 11 
-31 -100 12 -52 10 -10 -26 96 -13 11 -79 14 58 18 -76 23 8 -11 -98 -3 87 33 21 76 74 13 7 -78 7 -80 -28 -80 -80 -76 26 74 -78 -5 21 -79 21 -41 97 48 -88 81 -86 68 52 -41 -78 27 -21 -26 75 -83 39 47 -65 -81 -73 39 46 81 45 78 -60 -20 2 39 96 33 -78 -69 -68 -11 39 13 -78 47 -48 20 20 -10 -43 17 -26 56 95 -58 
40 38 -54 23 -52 86 55 -98 -61 -12 90 -81 32 -61 7 -74 28 8 11 61 45 46 6 -67 -10 -29 83 -54 53 -29 12 89 -80 -26 93 -68 -88 -42 -20 -43 -47 82 -90 -47 63 -38 -18 -72 -71 0 41 43 14 -84 46 25 -25 89 -76 -30 45 92 99 40 -55 30 7 8 -90 10 63 95 38 -9 -48 -87 -16 -92 -60 15 67 44 -60 -73 82 48 63 16 -37 -91 
4 -70 4 82 62 -47 -23 -70 48 17 76 -38 -90 -18 55 90 66 62 -62 67 -98 -95 3 91 -57 27 20 -54 -91 -99 -10 -74 -70 37 -6 -88 -44 84 21 65 -9 51 77 56 -58 43 31 -75 45 -1 31 24 -32 30 -39 4 -68 -28 -53 -21 57 87 -22 19 21 41 -86 -14 42 55 -27 22 -77 -38 -45 32 92 44 31 -30 -8 3 -19 71 51 82 -52 -85 19 -7 
51 -71 -25 -63 -80 29 -98 -26 -58 -57 42 51 -34 -24 18 -23 -23 92 42 -67 89 -81 -13 -29 91 14 56 24 50 39 96 75 -7 -15 -81 16 -1 2 56 74 25 9 89 11 95 -31 -44 95 -46 -8 -26 65 -31 16 -20 4 34 33 -97 86 -50 -34 -5 -55 -32 -16 -44 47 73 25 63 88 3 -50 -67 -14 -76 -37 12 -94 50 51 -3 -23 -14 16 93 45 62 -15 
-36 55 84 20 -67 95 17 -70 35 -76 96 -3 -45 24 -69 66 54 -11 -31 -79 -90 -98 -96 -91 -13 54 -28 95 29 74 -84 -24 19 -42 72 40 16 25 16 69 -64 75 -7 -89 -80 -21 55 -92 24 61 -83 -91 35 -55 79 73 -34 49 10 -68 31 64 -54 -78 -89 -68 61 93 -38 -10 35 -75 -11 -32 -7 55 -34 62 -18 67 18 31 -66 18 21 -94 23 -6 28 1 
64 -25 -97 38 73 -77 -77 -39 66 -78 -11 86 79 -26 -12 -23 -46 -80 33 97 -94 -93 26 -82 -76 -95 -64 -82 85 98 48 79 64 -55 82 81 50 -51 100 -3 -3 91 33 57 93 -67 60 91 100 100 28 23 -75 -86 45 26 28 -87 27 -47 23 72 71 -65 30 67 6 89 31 68 -99 58 60 -96 -10 30 -75 -49 22 -4 61 83 -70 40 61 -28 18 33 -24 -39 
42 -88 -36 81 -61 -51 15 -60 3 5 6 -38 -41 40 62 -31 -72 -32 -39 -65 4 89 -5 3 93 -7 38 71 -21 60 -20 53 12 86 80 76 95 -49 -57 100 -36 -69 -85 -61 78 -14 3 80 88 27 36 77 -13 74 -64 -48 -48 62 -6 -6 -88 -58 -81 11 94 22 -87 57 90 -76 -84 -82 -31 80 -66 97 6 -87 1 46 -43 -44 61 83 -9 85 0 -69 6 31 
94 97 68 -70 91 -46 -89 -100 -66 -34 2 -35 -41 -48 18 -91 -99 -92 56 76 48 -72 -32 -53 -98 44 0 -65 -6 -37 -9 -64 98 -3 66 -43 23 64 -1 -71 -2 -94 18 5 6 -69 -55 -69 10 42 3 60 -69 -99 -65 15 87 74 -8 81 75 28 79 1 97 92 -54 93 -22 24 64 0 91 -53 83 7 92 62 57 -97 90 45 -29 16 -38 91 -91 55 -39 -63 
33 -90 12 -8 33 31 28 -4 -28 76 -78 -89 -60 58 17 46 -33 45 76 41 29 77 -81 -42 -51 -28 -60 49 -17 39 89 0 -66 -4 -17 -87 -74 80 85 22 93 2 -91 48 -28 -68 -70 49 -44 58 -40 -64 98 -49 39 90 7 -63 3 48 83 -97 1 79 -41 60 49 61 -53 31 73 25 6 -54 32 -45 47 -17 -12 -30 -81 -11 -23 9 -27 -86 94 -3 50 0 
92 -22 7 68 -26 63 12 -38 -84 79 66 66 -4 75 -33 -3 87 -82 91 -91 -39 93 -33 55 100 12 -8 33 31 85 88 -88 -89 -78 -89 -60 58 17 46 -33 86 13 -64 -89 29 -80 45 86 -18 -56 -14 70 -37 -72 70 91 -87 -2 -69 -41 35 22 93 2 84 48 -28 -68 -90 -56 83 29 -40 -64 13 39 90 7 -63 3 48 83 -97 1 79 -41 60 49 61 8 
73 95 49 -15 -43 -2 90 -18 84 -31 -65 -19 66 -8 7 -86 94 85 99 9 -96 73 -64 -69 -62 -25 28 -85 -17 50 20 -86 -65 -76 -74 -16 81 65 44 -39 90 -73 83 -44 -19 -85 -56 4 -21 -21 16 -34 -57 -49 -31 90 35 97 98 -56 40 29 -55 -91 -90 -75 -28 67 -92 86 -86 -65 -78 -26 6 81 -30 -28 -33 -89 6 60 75 61 -79 -84 74 90 -100 -46 
-98 -38 92 3 -34 72 -83 88 7 -36 -61 21 85 98 -25 -24 -82 -78 -49 49 -83 -68 -12 -89 36 26 -2 -60 -2 56 -22 73 -24 6 79 79 99 27 -42 -77 7 -53 -98 -29 99 31 56 -13 86 -41 53 -1 26 39 -2 31 -39 48 75 85 32 -38 -41 -97 91 -63 49 28 -98 29 22 -55 -53 69 94 95 -10 80 22 -62 -5 -54 48 55 -80 -33 7 -37 -23 -58 
-98 -74 54 10 -64 57 24 -84 62 41 -18 83 72 -97 -88 75 34 53 -37 93 -27 -15 84 -44 66 23 -95 -52 17 -46 -58 -96 -95 32 -49 -89 50 -49 -14 59 -71 -89 49 -7 -1 -91 -49 20 -5 36 56 84 33 0 49 56 71 38 33 -61 63 -88 43 96 65 75 -56 38 19 -54 -69 22 -71 -32 1 -45 -25 -25 76 -6 -17 -46 70 -23 -53 -5 -75 0 60 3 
98 -46 -10 -98 -31 -99 83 -74 81 -57 -34 -39 -26 -18 49 98 26 -1 73 26 -60 61 87 -51 89 -63 -87 -18 -12 -27 -35 -40 1 13 45 -85 53 -51 -89 -88 -49 -66 -92 94 -57 36 80 93 4 -90 -79 46 -11 -86 64 -33 -41 -75 10 76 28 -69 -69 -25 -55 27 78 -55 74 -48 -49 30 -81 -49 86 -9 46 -85 -60 -42 86 62 -59 76 -51 -60 36 -30 65 -89 
62 -92 67 -32 -39 24 31 15 -61 54 -53 63 -14 48 -12 57 36 63 -16 -66 51 2 100 -64 69 -59 -48 -12 -66 66 -41 -16 2 67 -4 -11 -19 -3 -22 -37 52 -20 -3 -85 14 -66 -78 48 65 60 86 -78 94 36 34 31 -97 -6 48 56 23 -79 -52 32 12 -67 50 26 95 -13 32 72 70 25 -63 63 -84 55 47 -29 10 -22 52 -97 -82 -50 -49 -72 33 14 
-78 17 -48 -84 -52 -61 39 -88 -36 67 14 -5 22 -2 40 7 45 -71 95 -21 -84 -60 55 -58 -79 -64 49 9 -62 42 -55 -96 -47 32 -66 19 -12 7 -87 92 -83 -34 -30 32 5 93 20 26 66 91 -29 -43 20 -22 -9 -53 39 27 56 -18 -80 43 38 21 -66 45 -88 82 100 54 47 -73 -85 -15 8 -76 55 55 53 33 45 -14 -13 -99 5 79 32 -35 -29 9 
-10 35 -90 -69 -23 -100 100 -10 -71 51 64 17 93 -69 13 -19 78 -54 -90 -14 -34 -45 85 6 57 59 70 -82 -85 96 -22 86 92 90 -94 -54 29 -33 16 -80 -23 -79 62 -47 -49 95 33 68 18 9 9 -98 -49 -62 -97 -75 -43 -89 -42 11 -30 79 80 2 76 7 43 35 -16 46 -24 -52 25 3 -55 15 -10 -48 -56 -31 56 86 -35 -78 82 85 -15 79 -30 -26 
-57 -85 48 -58 -14 -59 51 -34 -72 30 -37 58 -68 71 2 -63 27 -67 74 87 80 -85 -85 45 -19 -36 -71 51 99 54 -57 55 -3 95 -69 25 -66 90 -53 -46 -75 -45 -30 -46 -20 24 -87 -32 9 96 29 -45 -96 -51 45 77 -86 -96 53 55 -12 30 77 14 87 87 -95 66 -49 -6 75 -43 80 32 51 -31 -11 8 42 -40 66 67 -62 74 70 -97 99 45 -56 71 
21 55 -50 0 99 -11 -58 -59 9 -73 74 0 100 -53 -40 -31 -36 50 -41 -30 -73 69 -19 -50 91 37 -20 -97 44 96 92 27 -27 17 -76 -38 -50 -16 30 23 36 70 -59 -79 57 -68 3 -66 -99 -40 -74 -69 42 16 -15 37 -51 -6 -90 -84 -16 -27 -64 97 -43 -32 -22 38 -85 -14 94 41 63 -17 -13 42 -68 -17 97 -19 43 30 78 -38 76 61 31 -32 28 -18 
78 94 61 94 -86 62 -73 46 48 97 62 42 73 0 -62 -60 75 -29 -71 91 82 -32 54 -2 26 6 48 26 30 78 -50 -17 -86 -13 -30 90 5 -57 -77 -94 -41 2 -46 -62 22 98 -55 36 69 -13 -14 84 4 -74 64 43 -52 -83 -78 31 60 51 94 1 -85 8 12 58 -61 56 87 -51 13 -42 -39 75 30 -81 98 -69 -3 52 -61 12 -61 -83 66 58 38 80 
20 50 94 29 79 -44 -16 -87 -56 67 -7 -61 19 50 -77 -47 24 61 -33 -49 -99 -91 85 79 68 -66 -74 55 83 11 -56 32 2 33 -31 97 -21 -24 -48 -48 67 -19 0 -48 -17 -54 -66 -58 -5 5 -63 -49 -45 56 -84 25 -32 8 -40 14 64 0 53 -75 -63 3 -1 51 -33 -4 -24 0 37 -85 -58 14 24 -32 -37 94 66 31 2 -92 -24 -75 97 93 25 28 
76 -87 -80 10 65 66 36 -61 -16 -35 -18 -28 17 58 -61 -19 31 77 76 -30 -44 7 100 87 91 78 65 7 -39 14 94 -13 41 46 97 -18 34 3 65 -1 -81 5 -87 79 47 -91 -2 -60 90 70 83 -46 -75 -82 97 -5 -71 83 -37 -14 -51 -48 62 92 7 -95 97 -42 -43 -94 -24 54 43 58 58 -97 80 -36 -90 80 99 100 -28 46 -99 -100 -57 59 -73 -11 
23 3 -23 -49 100 -74 -2 -8 -48 0 -73 -35 5 -63 -90 90 49 -69 35 -10 51 -5 33 31 59 -95 26 -29 -28 45 39 12 -32 -70 -22 -2 -42 11 -96 9 -58 -2 -15 -27 -41 37 -43 97 -95 -21 84 -90 -11 89 71 -36 -34 68 -21 98 13 -61 -13 39 70 84 -30 77 -42 94 -68 -17 -55 58 -31 83 32 -17 26 21 -2 28 -12 -10 1 -17 -100 4 -7 63 
61 -54 30 -9 -59 -11 -8 -3 80 69 25 94 26 -44 26 -21 -78 35 -63 87 -35 -48 -8 -55 19 -63 92 52 -72 66 60 93 97 3 91 32 6 2 22 -38 -88 -24 -71 -30 9 -20 7 55 26 -3 86 11 69 -95 -3 -25 17 48 -93 31 -58 -25 -3 -21 -85 -1 -89 42 18 -54 9 80 73 74 -1 -83 -24 -54 -39 -81 -43 10 -50 -59 -25 92 -15 22 20 58 
18 -76 23 8 -11 -98 -3 -34 -87 -27 -66 -37 -92 -80 -83 7 -80 -28 -30 73 -76 -1 -48 50 6 95 26 8 44 98 -86 68 52 -41 -78 27 -21 -26 75 -83 39 47 -65 -81 -73 39 46 81 45 78 -60 -96 80 -7 42 -49 -88 19 77 -12 -17 24 -64 79 91 88 22 -85 33 67 42 -2 -36 -67 21 47 26 10 -57 -70 -50 -98 39 52 -37 81 88 -61 -28 -29 
-59 0 -46 25 66 0 13 29 -67 79 23 0 -75 12 12 89 -80 -80 20 -80 -17 -56 81 -90 31 78 -90 -78 56 63 51 -60 -61 -54 77 1 -31 46 25 -25 89 -76 -30 45 92 99 40 -55 30 9 -63 26 10 63 -35 -38 -9 -48 -87 -16 -92 -60 15 67 44 -60 -99 77 48 63 -23 46 70 41 16 48 -60 21 55 -30 -51 17 76 -38 11 -51 -34 99 66 62 
-62 67 -98 -95 3 91 -57 27 48 -79 -8 -52 -41 -72 91 37 -6 -88 -44 84 21 65 -93 -57 77 56 -58 43 31 -75 45 -90 -77 77 98 -44 47 27 -23 -49 84 -90 -70 -86 39 49 19 -67 59 -74 -76 68 -56 -57 11 -97 -23 32 -85 -85 31 -30 92 -99 -19 71 51 82 -52 -85 19 -7 -48 -57 5 97 -25 -44 -98 -26 -58 -57 69 6 -94 -67 11 62 -27 83 
-92 -95 96 -51 -84 78 74 -94 -6 95 25 -27 -89 -57 92 4 -53 -66 -60 -8 -50 15 10 9 89 -17 18 -71 -87 -40 -98 -28 -41 45 -94 57 89 -72 -95 62 61 -79 -31 -58 84 -85 -24 4 -29 -35 -74 93 -63 43 82 98 5 52 26 -9 -81 62 -24 -76 1 6 11 9 -41 22 54 30 -76 80 -10 68 88 54 -10 -18 37 -2 -88 20 -9 -5 -55 -22 -16 -44 
47 73 -81 63 77 -18 -4 65 -14 -76 -37 62 -55 -10 -87 7 89 -2 18 59 73 62 -97 31 84 20 -67 19 60 35 -76 96 -3 -45 24 -69 -95 -24 31 -4 -79 -90 -77 88 20 -91 -16 54 -28 95 24 74 -84 -24 19 -42 72 40 16 25 16 69 -64 75 -7 -89 -39 42 55 -39 61 -83 -91 35 -55 79 73 85 -94 10 -68 31 64 -54 -85 98 76 95 31 -38 
-10 35 -75 -11 -32 41 -14 12 80 38 -56 14 -59 -92 -2 -40 74 -13 97 -37 -20 -46 46 49 -100 25 -77 -39 66 -78 0 83 -26 -26 -4 -100 -73 26 84 97 21 -45 6 11 34 67 16 -35 -33 3 73 -44 79 64 -55 82 81 -44 59 -30 -35 35 13 57 93 -27 -37 91 -86 7 -40 84 -90 -75 -86 45 26 28 -87 27 -47 70 14 -10 46 -80 49 90 47 -73 
-9 -85 14 63 56 -21 -10 30 -75 -49 22 -4 61 83 -24 72 61 -28 18 33 -24 -99 -92 -41 -67 -61 -51 15 -60 3 5 66 100 -100 40 -93 -29 91 63 -79 -61 47 94 48 -10 -97 44 17 -37 95 -5 -30 -29 -42 -25 58 68 -28 62 36 23 37 -3 -61 78 -14 -59 -59 -43 0 -7 83 58 54 -82 -46 70 40 -24 -69 -90 45 84 -53 -72 -27 54 -65 44 47 
75 -82 -31 80 -66 97 6 -87 1 -98 -16 -22 72 6 -50 -78 -73 -85 -91 -40 94 -29 63 -45 -27 62 13 -18 -23 60 59 2 -75 38 23 55 -68 56 -10 60 -35 -61 -25 -43 55 -39 48 12 31 -89 99 39 -100 36 -43 23 64 -1 -31 69 63 64 5 6 -69 -55 -69 10 42 3 60 -69 -99 76 -95 -5 -8 81 75 28 79 1 97 92 -54 -90 62 64 0 91 
-43 -87 10 35 -34 -4 38 -57 77 68 57 -20 -48 58 -61 -19 31 77 76 -30 -44 47 97 87 91 78 65 7 30 -39 90 -98 41 46 97 -73 -92 -93 -81 -17 51 0 -87 79 47 44 5 70 90 53 83 -46 -75 -82 97 -5 -31 69 -98 -14 -51 -48 62 -83 55 64 -1 80 -43 94 -24 54 43 92 -4 -39 28 62 -97 -98 99 -88 -86 60 -71 100 34 -82 95 -21 
-74 62 46 -67 12 29 67 98 70 79 90 5 36 -60 52 -43 -74 48 -35 40 60 -5 -85 -17 22 43 -30 -81 -41 45 39 12 -32 -70 -22 -81 45 82 97 -96 9 -58 56 16 -21 -15 -80 -49 28 -24 -4 -95 -56 0 67 -95 -82 -36 -72 73 75 -51 60 2 -87 -8 51 -98 -1 -3 10 -58 -91 13 -46 92 -98 31 40 83 32 -17 26 21 -2 28 -12 -10 1 -17 
-100 4 -7 48 95 -3 18 92 25 18 -23 21 -60 80 74 25 94 54 86 -46 -98 -63 -81 50 28 37 58 18 8 17 -35 92 52 -72 66 60 93 97 3 -93 46 6 2 -45 73 25 59 87 -39 17 -44 86 -74 -68 0 -40 10 -75 14 -54 5 30 55 47 -86 -71 81 -16 2 -66 -70 -34 86 -20 -10 97 24 38 28 -3 51 51 11 -31 -100 12 -52 37 -10 -26 
96 -13 22 20 -96 81 -15 -69 59 55 -62 77 -50 -34 21 76 74 13 7 -78 7 21 -76 -30 74 -78 -5 21 -79 21 -41 97 48 -88 81 23 -98 -67 -68 47 93 7 -74 -60 83 -24 -16 98 65 14 26 46 -9 -90 -99 -88 61 -20 2 39 -49 -88 19 77 -12 -17 24 -64 79 91 88 22 -85 33 67 42 56 95 -58 40 38 -54 23 -52 86 55 -98 -61 -12 90 
-81 88 59 7 85 68 28 8 11 61 45 46 6 -67 -10 -29 83 -54 53 1 1 -26 -17 -80 20 -80 -17 -56 81 -90 31 78 -90 -78 56 63 51 -60 -61 -54 43 14 -84 -55 88 59 -35 55 13 -28 -12 41 39 -32 -82 7 8 -92 -87 50 -38 38 5 69 -12 -58 -28 -62 50 54 -7 75 82 28 -43 -50 -23 46 70 41 16 48 -60 21 55 -30 -51 73 44 -39 
-90 -18 55 90 66 -93 41 -66 41 31 -14 77 34 86 48 -79 -8 -52 -41 -72 91 67 23 -4 44 -98 -7 -96 -5 -57 71 92 26 -37 91 -38 -28 -90 -90 -77 77 98 -44 47 27 -23 -49 84 -90 -70 57 87 49 21 -67 59 -74 -76 68 -56 -57 11 -97 -23 35 32 92 -25 -74 92 -99 -42 12 -29 66 19 -25 -98 -76 91 51 -71 -25 -63 13 -44 83 17 -70 70 
-69 51 -34 -24 18 -23 62 92 42 -67 -95 96 -51 -29 91 14 56 95 25 -27 -89 -57 92 4 -53 -66 -60 -8 -50 2 10 65 34 -17 18 -71 -87 -40 -98 -28 -41 45 -94 57 -43 -72 -95 62 86 -50 -38 -31 74 97 -85 -96 35 -11 -58 -80 30 -14 43 82 98 5 52 26 -9 -81 62 -24 -76 1 6 11 9 -41 22 54 30 -76 80 -10 68 88 54 -10 -18 37 
-2 -88 20 -9 -5 -55 -32 -70 17 -78 -53 25 71 30 3 -50 -67 29 29 68 12 -94 50 51 -3 -23 -14 16 93 45 62 -15 -36 85 66 -83 -58 19 60 35 39 76 51 -17 69 -38 31 -24 31 -31 -79 -90 -98 -96 20 72 -16 -38 -22 2 24 8 -74 -32 -73 1 -35 56 -8 73 -95 -44 17 -83 -23 8 -39 42 -92 24 -74 -28 42 -34 33 75 5 14 -94 80 
24 71 -97 -78 -89 -68 61 93 31 -12 -99 -21 -61 81 -10 41 -14 12 80 38 -56 14 -59 -92 -2 -40 74 -13 97 -37 -20 64 -25 -97 38 73 -77 29 19 3 -77 83 -26 -29 -4 -100 -73 -46 -80 84 97 -74 -93 26 -82 67 16 -35 -14 3 73 -44 -56 -44 -84 29 79 -44 59 -30 -35 35 13 17 97 19 -27 -37 64 100 100 28 23 -90 -73 -97 -47 -63 7 58 
96 -65 23 72 71 -65 30 67 6 89 31 68 -85 14 -67 56 -21 -57 -38 92 -55 36 -97 18 64 40 -79 22 -89 -12 -67 -47 -99 -92 -41 -13 -96 85 -41 -40 -53 -71 5 66 -38 -41 40 62 -31 -72 -32 -39 -65 4 47 94 48 -10 -97 44 17 -37 95 -5 -30 -29 12 86 80 76 95 -49 62 36 23 37 -3 90 -95 -14 52 -59 3 80 88 27 36 77 -13 74 
-64 -48 -48 62 -6 -6 -88 -58 -81 -72 -27 54 -65 44 47 75 31 27 -36 -66 -20 -37 92 -78 -67 -98 -16 -22 72 96 -9 85 0 -69 6 31 94 -29 63 -45 -27 62 13 -18 -23 -34 2 -35 -41 -48 18 -91 -99 -92 56 76 48 -72 -32 -53 -98 44 0 -65 12 -37 -9 -64 98 -3 25 80 70 37 -71 -2 -94 18 54 -76 73 16 62 -57 61 -33 -81 -60 60 55 
74 -42 -35 -98 83 -87 -80 35 35 -23 66 36 -61 -16 -35 -24 -28 17 -64 -23 -92 9 64 -31 -46 -86 47 97 100 67 50 -43 11 30 -39 90 -77 54 2 83 11 -73 -92 -93 -81 -17 51 0 -21 48 -91 -2 -60 85 53 -33 76 -70 -65 -37 -80 69 -71 83 -37 63 -51 -36 -24 92 7 -95 97 -42 -93 -94 28 43 58 58 -97 28 -90 80 99 100 -28 46 -99 -100 
-57 59 -73 -11 23 3 62 46 -67 12 -38 -2 -8 -48 0 -73 -35 -27 -63 -90 90 49 -69 35 -10 51 57 -85 -17 22 43 -38 26 -29 -28 7 72 14 -50 9 64 -2 -42 11 60 -30 -43 56 16 -15 -27 -41 37 -43 97 67 -36 -21 84 -90 -95 -82 -36 -72 73 75 68 -21 98 13 -61 -13 39 70 84 -30 77 -42 100 13 -17 -55 58 -31 98 -90 29 76 79 75 
-45 70 99 -55 30 95 -68 28 -36 63 61 -11 30 -9 -59 -11 -8 21 -60 -8 74 40 0 54 86 -46 -98 -63 -81 50 28 37 58 18 8 17 -35 92 52 -72 66 16 -40 -66 66 -93 46 34 54 -45 73 25 -88 -24 -71 -30 9 -20 7 -68 0 -40 10 -75 14 -95 5 30 98 48 -93 31 -58 81 -16 2 -66 -70 -34 86 -20 -10 97 24 38 28 -3 51 51 11 
-31 -100 12 -52 10 -10 -26 96 -13 11 -79 14 58 18 -76 23 8 -11 -98 -3 87 33 21 76 74 13 7 -78 7 21 -28 -80 -80 -76 26 74 -78 -5 21 -79 21 -41 97 48 -88 81 -86 68 52 -41 -78 27 -21 -26 75 -83 39 47 -65 -81 -73 39 46 81 45 78 -60 -20 2 39 96 33 -78 -69 -68 -11 39 13 -78 47 -48 20 20 -10 -43 17 -26 56 95 -58 
40 38 -54 23 -52 86 55 -98 -61 -12 90 -81 32 -61 7 -74 28 8 11 61 45 46 6 -67 -10 -29 83 -54 53 -29 12 89 -80 -26 93 -68 -88 -42 -20 -43 -47 82 -90 -47 63 -38 -18 -72 -71 0 41 43 14 -84 46 25 -25 89 -76 -30 45 92 99 40 -55 30 7 8 -90 10 63 95 38 -9 -48 -87 -16 -92 -60 15 67 44 -60 -73 82 48 63 16 -37 -91 
4 -70 4 82 62 -47 -23 -70 48 17 76 -38 -90 -18 55 90 66 62 -62 67 -98 -95 3 91 -57 27 20 -54 -91 -99 -10 -74 -70 37 -6 -88 -44 84 21 65 -9 51 77 56 -58 43 31 -75 45 -1 31 24 -32 30 -39 4 -68 -28 -53 -21 57 87 -22 19 21 41 -86 -14 42 55 -27 22 -77 -38 -45 32 92 44 31 -30 -8 3 -19 71 51 82 -52 -85 19 -7 
51 -71 -25 -63 -80 29 -98 -26 -58 -57 42 51 -34 -24 18 -23 -23 92 42 -67 89 -81 -13 -29 91 14 56 24 50 39 96 75 -7 -15 -81 16 -1 2 56 74 25 9 89 11 95 -31 -44 95 -46 -8 -26 65 -31 16 -20 4 34 33 -97 86 -50 -34 -5 -55 -32 -16 -44 47 73 25 63 88 3 -50 -67 -14 -76 -37 12 -94 50 51 -3 -23 -14 16 93 45 62 -15 
-36 55 84 20 -67 95 17 -70 35 -76 96 -3 -45 24 -69 66 54 -11 -31 -79 -90 -98 -96 -91 -13 54 -28 95 29 74 -84 -24 19 -42 72 40 16 25 16 69 -64 75 -7 -89 -80 -21 55 -92 24 61 -83 -91 35 -55 79 73 -34 49 10 -68 31 64 -54 -78 -89 -68 61 93 -38 -10 35 -75 -11 -32 -7 55 -34 62 -18 67 18 31 -66 18 21 -94 23 -6 28 1 
64 -25 -97 38 73 -77 -77 -39 66 -78 -11 86 79 -26 -12 -23 -46 -80 33 97 -94 -93 26 -82 -76 -95 -64 -82 85 98 48 79 64 -55 82 81 50 -51 100 -3 -3 91 33 57 93 -67 60 91 100 100 28 23 -75 -86 45 26 28 -87 27 -47 23 72 71 -65 30 67 6 89 31 68 -99 58 60 -96 -10 30 -75 -49 22 -4 61 83 -70 40 61 -28 18 33 -24 -39 
42 -88 -36 81 -61 -51 15 -60 3 5 6 -38 -41 40 62 -31 -72 -32 -39 -65 4 89 -5 3 93 -7 38 71 -21 60 -20 53 12 86 80 76 95 -49 -57 100 -36 -69 -85 -61 78 -14 3 -5 88 27 36 77 -13 74 -64 -48 -48 62 -6 -6 -88 -58 -81 11 94 22 -87 57 90 -76 -84 -82 -31 80 -66 97 6 -87 1 46 -43 -44 61 83 -9 85 0 -69 6 31 
94 97 68 -70 91 -46 -89 -100 -66 -34 2 -35 -41 -48 18 -91 -99 -92 56 76 48 -72 -32 -53 -98 44 0 16 -6 -37 -9 -64 98 -3 66 -43 23 64 -1 -71 -2 -94 18 5 6 -69 -55 -69 10 42 3 60 -69 -99 -65 15 87 74 -8 81 75 -53 78 70 -6 86 62 69 -90 62 64 0 91 -53 83 7 92 62 57 -97 90 45 -29 16 -38 91 -91 50 -4 -63 
-43 -87 92 65 65 -34 -4 38 -57 77 68 57 -20 -48 58 -61 -19 31 77 76 -30 -44 47 97 87 91 78 65 7 30 -39 90 -98 41 46 97 -73 -92 -93 -81 -17 51 0 -87 79 47 44 5 70 90 53 83 -46 -75 -82 97 -5 -31 69 -98 -14 -51 3 -36 -24 55 64 -1 80 -43 94 -24 54 43 92 -4 -39 28 62 -97 -98 99 -88 -86 60 -71 100 34 -82 95 
23 -74 62 46 -67 12 29 67 98 70 79 90 5 36 -60 52 -43 -74 48 -35 40 60 -5 -85 -17 22 43 -30 -81 -41 45 39 12 -32 -70 -22 -81 45 82 97 -96 9 -58 -2 -21 -15 -80 -49 28 -24 -4 -95 -56 0 67 -95 -82 -36 -72 73 75 -51 60 2 -87 -8 51 -98 -1 -3 10 -58 -91 13 -46 92 -98 31 40 83 32 -17 26 21 -2 28 -12 -10 1 -17 
-100 4 -7 48 95 -3 18 92 25 18 -23 21 -60 80 74 25 94 54 86 -46 -98 -63 -81 50 28 37 58 18 8 17 -35 92 52 -72 66 60 93 97 3 -93 46 6 2 -45 73 25 59 87 -39 17 -44 86 -74 -68 0 -40 10 -75 14 -54 5 30 55 47 -86 -71 81 -16 2 -66 -70 -34 86 -20 -10 97 24 38 28 -3 51 51 11 -31 -100 12 -52 37 -10 -26 
96 -13 11 -79 20 -96 81 -15 -69 59 55 -62 77 -50 -34 21 76 74 13 7 -78 7 -80 -76 26 74 -78 -5 21 -79 21 -41 97 48 -88 81 23 -98 -67 -68 47 93 7 -74 -60 83 -24 -16 98 65 14 26 46 -9 -90 -99 -88 61 -20 2 39 -49 -88 19 77 -12 -17 24 -64 79 91 88 22 -85 33 67 42 56 95 -58 40 38 -54 23 -52 86 55 -98 -61 -12 
90 -81 88 59 7 85 68 28 8 11 61 45 46 6 -67 -10 -29 83 -54 53 1 1 -26 -17 -80 20 -80 -17 -56 81 -90 31 78 -90 -78 56 63 51 -60 -61 -54 43 14 -84 -55 88 59 -35 55 13 -28 -12 41 39 -32 -82 7 8 -92 -87 50 -38 38 5 69 -12 -58 -28 -62 50 54 -7 75 82 28 -43 -50 -23 46 70 41 16 48 -60 21 55 -30 -51 73 44 
-39 -90 -18 55 90 66 -93 41 -66 41 31 -14 77 34 86 48 -79 -8 -52 -41 -72 91 67 23 -4 44 -98 -7 -96 -5 -57 71 92 26 -37 91 -38 -28 -90 -90 -77 77 98 -44 47 27 -23 -49 84 -90 -70 57 87 -22 19 -67 59 -74 -76 68 -56 -57 11 -97 -23 35 32 92 -25 -74 92 -99 -42 12 -29 66 19 -25 -98 -76 91 51 -71 -25 -63 13 -44 83 17 -70 
70 -69 51 -34 -24 18 -23 62 92 42 -67 -95 96 -51 -29 91 14 56 95 25 -27 -89 -57 92 4 -53 -66 -60 -8 -50 15 10 65 34 -17 18 -71 -87 -40 -98 -28 -41 45 -94 57 -43 4 -95 62 86 -50 -38 -31 74 97 -85 -96 35 -11 -58 -80 30 -14 43 82 98 5 52 26 -9 -81 62 -24 -76 1 6 11 9 -41 22 54 30 -76 80 -10 68 88 54 -10 -18 
37 -2 -88 20 -9 -5 -55 -32 -70 17 -78 -53 25 71 30 3 -50 -67 29 29 68 12 -94 50 51 -3 -23 -14 16 93 45 62 -15 -36 85 66 -83 -58 19 60 35 39 76 51 -17 69 -38 31 -24 31 -31 -79 -90 -98 -96 20 72 -16 -38 -22 2 24 8 -74 -32 -73 1 -35 56 -8 73 -95 -44 17 -83 -23 8 -39 42 -92 24 -74 -28 42 -34 33 75 5 14 -94 
80 24 71 -97 -78 -89 -68 61 93 31 -12 -99 -21 -61 81 -10 41 -14 12 80 38 -56 14 -59 -92 -2 -40 74 -13 97 -37 -20 64 -25 -97 38 73 -74 29 19 3 -77 83 -26 -29 -4 -100 -73 -46 -80 84 97 -74 -27 26 -82 67 16 -35 -14 3 73 -44 -56 -44 -84 29 79 -44 59 -30 -35 35 13 17 97 19 -27 -37 64 100 100 28 23 -90 -73 -97 -47 -63 7 
58 96 -65 23 72 71 -65 30 67 6 89 31 68 -85 14 -67 56 -21 -57 -38 92 -55 36 -97 18 64 40 -79 22 -89 -12 -67 -47 -99 -92 -41 -13 -96 85 -41 -40 -53 -71 5 66 -38 -41 40 62 -31 -72 -32 -39 -65 4 47 94 48 -10 -97 44 17 -37 95 -5 -30 -29 12 86 80 76 95 -49 62 36 23 37 -3 90 -95 -14 52 -59 3 80 88 27 36 77 -13 
74 -64 -48 -48 62 -6 -6 -88 -58 -81 -72 -27 54 -65 44 47 75 31 27 -36 -66 -20 -37 92 -78 -67 -98 -16 -22 72 96 -9 85 0 -69 6 31 94 -29 63 -45 -27 62 13 -18 -23 -34 2 -35 -41 -48 18 -91 -99 -92 56 76 48 -72 -32 -53 -98 44 0 -65 12 -37 -9 -64 98 -3 25 80 70 37 -71 -2 -94 18 54 -76 73 16 62 -57 61 -33 -81 -60 60 
76 16 97 10 35 65 66 36 -61 -16 -35 -18 -28 17 58 -61 -19 31 77 76 59 47 97 87 91 78 65 7 -39 14 94 -13 41 46 97 -18 34 3 65 -1 -81 0 -21 48 -91 -2 70 85 80 83 -46 -75 -82 97 -5 -71 83 -37 -14 -51 -48 62 92 7 -95 97 -43 94 -24 54 69 -4 28 -36 -90 80 99 100 -28 46 -99 -100 -57 59 -73 -11 23 3 -23 -49 
100 -74 -2 -8 -48 0 -73 -35 5 -63 -90 90 49 -69 35 -10 51 -5 33 31 59 -95 26 -29 -28 45 39 12 -32 -70 -22 -2 -42 11 -96 9 56 16 -72 2 -80 -49 28 -24 -4 -36 3 0 67 -90 -11 89 71 -36 -34 68 -21 98 13 -61 -13 39 70 84 -30 77 -42 94 -68 -17 -55 58 -31 83 32 -17 26 21 -2 28 -12 -10 1 -17 -100 4 -7 63 61 -54 
30 -9 -59 -11 -8 -3 80 69 25 94 26 -44 26 -21 -78 35 -63 87 -35 -48 -8 -55 19 -63 92 52 -72 66 60 93 97 3 91 32 6 2 22 -38 -88 -24 -71 -30 9 -20 7 55 26 -3 86 11 69 -95 -3 -25 17 48 -93 31 -58 -25 -3 -21 -85 -1 -89 42 18 -54 9 80 73 74 -1 -83 -24 -54 -39 -81 -43 10 -50 -59 -25 92 -15 22 20 58 18 -76 
23 8 -11 -98 -3 -34 -87 -27 -66 -37 -92 -80 -83 7 -76 -28 -30 73 -76 -1 -48 50 6 95 26 8 44 98 -86 68 52 -41 -78 27 -21 -26 75 -83 39 47 -65 -81 -73 39 46 81 45 78 -60 -96 80 -7 42 -49 -88 19 77 -12 -17 24 -64 79 91 88 22 -85 33 67 42 -2 -36 -67 21 47 26 10 -57 -70 -50 -98 39 52 -37 81 43 32 65 7 85 -74 
-59 0 -46 25 66 0 13 29 -67 79 23 0 -75 12 12 89 -80 -80 20 -80 -17 -56 81 -90 31 78 -90 -78 56 63 51 -60 -61 -54 77 1 -31 46 25 -25 89 -76 -30 45 92 99 40 -55 30 9 -63 26 10 63 -35 -38 -9 -48 -87 -16 -92 -60 15 67 44 -60 -99 77 48 63 -23 46 70 41 16 48 -60 21 55 -30 -51 17 76 -38 11 -51 -34 99 66 62 
-62 67 -98 -95 3 91 -57 27 48 -79 -8 -52 -41 -72 91 37 -6 -88 -44 84 21 65 -93 -57 77 56 -58 43 31 -75 45 -90 -77 77 98 -44 47 27 -23 -49 84 -90 -70 -86 39 49 19 -67 59 -74 -76 68 -56 -57 11 -97 -45 44 -85 -85 31 -30 92 -99 -19 71 51 82 -52 -85 19 -7 -48 -57 5 97 -25 -80 29 17 -26 -58 -57 69 6 -94 -67 11 62 -27 
83 -92 60 96 -51 -84 78 74 -94 -6 95 25 -27 -89 -57 92 4 -53 -66 -60 -8 -50 15 10 9 89 -17 18 -71 -87 -40 -98 -28 -41 45 -94 57 89 -72 -95 -97 -50 -34 74 79 40 38 35 -15 -58 -80 30 -14 43 82 98 5 52 26 -9 -81 62 -24 -76 1 6 11 9 -41 22 54 30 -76 80 -10 68 88 54 -10 -18 37 -2 -88 20 -9 -5 -55 -22 -16 -44 
47 73 -81 63 77 -18 -4 65 -14 -76 -37 62 -55 -10 -87 7 89 -2 18 59 73 62 -97 31 84 20 -67 19 60 35 -76 96 -3 -45 24 -69 -95 -24 31 -4 20 53 -77 88 20 72 -86 -38 -22 24 74 -84 -24 19 -42 72 40 16 25 16 69 -64 75 -7 -89 -39 42 55 -39 61 -83 -91 35 -55 79 73 85 -94 10 -68 31 64 -54 -85 98 61 93 -38 -10 35 
-75 -11 -32 41 -14 12 80 38 -56 14 -59 -92 -2 -40 74 -13 97 -37 -20 -46 46 49 -100 25 -77 -39 66 -78 0 83 -26 -29 -4 -12 -23 60 -46 26 33 -27 -45 6 11 34 67 16 -35 -33 3 73 -44 79 64 -55 82 81 -44 59 -30 -35 35 13 57 93 -67 60 91 -86 7 -40 84 -90 -75 -86 45 26 28 -87 27 -47 70 14 -10 46 -80 49 90 47 -73 -9 
-85 14 63 56 -21 -10 30 -75 -49 22 -4 61 83 -24 72 61 -28 18 33 -24 -99 -92 -41 -67 -61 -51 15 -60 3 5 66 100 -100 40 -93 -29 91 63 -79 -61 47 94 48 -10 -97 44 17 -37 95 -5 -30 -29 -42 -25 58 68 -28 62 36 23 37 -3 -61 78 -14 -59 -59 -43 0 -7 83 58 54 -82 -46 70 40 -24 -69 -90 45 84 -53 -72 -27 54 -65 44 47 75 
-82 -31 80 -66 97 6 -87 1 -98 -16 -22 72 6 -50 -78 -73 -85 -91 -40 94 -29 63 -45 -27 62 13 -18 -23 60 59 2 -75 38 23 55 -68 56 -10 60 -35 -61 -25 -43 55 -39 48 12 31 -89 99 39 -100 36 -43 23 64 -1 -31 69 63 64 5 6 -69 -55 -69 10 -37 -73 -80 60 -48 76 -95 -5 -8 81 75 28 79 1 97 92 -54 -90 62 64 0 91 -53 
-58 56 -35 -98 -43 16 97 92 10 65 -34 -4 38 -57 77 -35 -18 57 -20 17 -64 -23 -92 9 64 -31 -46 -86 91 7 100 67 50 -43 11 20 -39 14 94 -13 54 2 83 -18 34 3 65 -1 -81 5 0 -21 48 47 44 5 85 80 70 76 -70 -65 -37 -5 -31 69 -98 98 63 3 -36 -24 55 64 -95 80 -43 -94 28 99 69 92 -4 80 -36 -97 -98 99 -88 -86 
60 -71 100 34 -82 95 -21 -74 31 -23 -49 100 -74 29 67 98 70 79 90 -27 -27 -60 52 -43 -74 48 -35 40 60 -5 33 31 59 -95 -30 -81 -41 -79 7 72 14 -50 9 64 45 82 97 -96 9 -58 -2 -21 -27 -41 -49 -43 97 67 -95 -56 0 67 -79 -11 89 71 -36 -34 79 -51 60 2 -87 -8 51 -98 -1 -3 10 -58 -91 94 -46 92 -98 31 98 -90 29 76 
79 75 -45 70 99 -55 1 95 -68 28 48 95 -3 -54 92 25 18 -23 -8 -3 -60 69 17 40 94 26 -44 26 -21 -78 35 -63 87 -35 -48 -8 -55 19 -63 -21 -31 -66 68 16 -40 -66 66 91 91 32 54 23 22 -38 -43 59 87 -39 17 -44 86 55 26 -3 86 11 69 29 -54 -25 17 55 47 -86 -71 88 -25 -3 -21 -85 -1 -89 42 18 -54 9 80 73 74 -1 
-83 -24 -54 -39 -81 -43 -47 37 -59 -25 92 -15 22 20 -96 81 -15 -69 59 55 -62 77 87 33 -27 -66 -37 -92 -80 -83 7 11 -76 26 11 21 -28 -30 73 -76 -1 -48 50 6 95 26 8 44 23 -98 -67 -68 47 93 7 -74 -60 83 -24 -16 98 65 14 26 46 -9 -90 -99 -88 -96 80 -7 42 33 -78 -69 -68 -11 39 13 -78 47 -48 20 20 -10 -43 17 -2 -36 
-67 21 47 26 10 -57 -70 -50 -98 39 52 -37 81 43 59 65 85 -74 -59 0 -46 25 66 0 13 29 -67 79 23 0 -75 12 1 1 -26 -17 93 -68 -88 -42 -20 -43 -47 82 -90 -47 63 -38 -18 -72 -71 0 41 1 -31 48 -55 88 59 -35 55 13 -28 -12 41 39 -32 9 -63 26 -92 -87 50 95 38 5 69 -12 -58 -28 -62 50 54 -7 75 -99 28 -43 -50 -37 
-91 4 -70 4 82 62 -47 -23 -70 73 44 -39 -31 11 -51 -34 99 -93 41 -66 41 31 -14 77 -57 27 20 -54 -91 -99 -10 -74 67 23 -4 44 -98 -7 -96 -5 -9 51 92 26 -37 91 -38 -28 -90 -1 31 24 -32 30 -39 4 -68 -28 -53 -90 -70 -86 39 49 21 41 -86 -14 42 55 -27 22 -77 -23 35 -85 -85 -25 -74 92 -8 3 12 -29 66 19 -25 -98 -76 91 
-57 5 97 -25 -80 83 17 -70 70 -69 69 6 -94 -67 11 13 -27 83 -92 60 96 -81 -13 78 74 -94 24 50 39 96 75 -7 -15 -81 16 -1 2 56 74 25 10 65 34 95 -31 -44 95 -46 -8 -26 65 -31 16 -20 89 34 33 61 -44 -38 -31 74 97 40 -76 4 -29 -35 -74 93 -63 19 39 29 -7 20 10 -76 -15 -91 90 73 -94 -78 97 25 -17 71 94 54 
66 54 -14 85 -55 68 -99 70 -37 -39 -25 66 2 77 55 40 -22 17 -78 -53 7 -81 30 77 -18 -4 65 29 68 62 62 -55 -10 -87 7 89 -2 18 59 73 62 -97 31 85 66 -83 95 17 -70 39 76 51 -17 69 -38 31 66 54 -11 20 53 -77 88 20 72 -86 -38 -22 2 7 8 -74 -32 -73 1 -35 56 -8 73 -95 -44 17 -83 -23 8 -39 42 55 -39 -26 
-74 -28 42 -34 33 75 -34 14 58 80 24 71 -97 25 -85 98 76 95 31 -12 -99 -21 -61 81 -10 55 -34 62 -18 67 18 31 -66 18 21 -94 23 -6 28 1 -20 -46 46 49 -100 25 -74 29 19 3 -77 -11 86 -29 -26 -4 -100 60 26 26 33 -94 -45 6 11 34 -95 16 -82 -33 98 48 -44 -56 -44 -84 29 79 -44 100 -3 -3 91 17 97 -67 -27 -37 -86 7 
28 23 -90 -73 -97 -47 -63 7 58 -47 70 14 -10 46 -80 49 90 47 -73 -9 -78 -99 -67 60 -96 -25 -57 -38 92 -55 36 -97 18 64 -24 -79 22 -89 -12 -67 -47 42 -88 -36 -67 -96 85 -41 -40 -53 -71 6 -34 100 -100 40 -93 -29 91 63 -79 -61 -89 89 -5 3 93 -7 38 71 -21 60 -20 53 -67 -42 -25 58 68 -28 -49 -57 100 -36 -69 90 -95 -14 -68 -54 
52 78 -54 78 -59 -59 -43 0 -7 83 58 54 -82 -46 70 40 -24 -69 -90 45 84 11 94 22 -87 57 90 -76 -84 27 -36 -66 -20 -37 92 -78 -67 -43 -44 61 83 6 -50 -78 -73 -85 -91 57 97 68 -70 91 -46 -89 -100 -66 -7 60 59 2 -75 38 23 55 -68 56 -10 60 -35 -61 -25 -43 55 -39 48 16 31 -89 99 39 -100 36 25 80 70 37 0 -31 69 63 
