60
80 95 -2 -38 65 -62 38 -57 82 99 86 46 -63 -5 82 -72 74 -77 43 63 -15 -66 -94 -31 -12 86 24 -11 8 64 -61 1 -76 -48 -14 61 17 -14 74 -16 55 -64 -57 89 30 -52 -83 8 -65 -17 81 10 57 48 40 59 -67 -87 -88 93 
-15 -2 67 92 -27 67 91 61 59 -8 10 -83 100 43 74 -10 -67 51 47 100 65 13 77 47 -4 24 94 44 70 -14 -41 -26 -5 -53 49 -64 -37 -9 -89 83 53 90 4 57 -88 29 -44 -50 -41 -88 -12 92 53 -31 50 -85 60 -28 29 -70 
21 73 -77 -45 -49 61 82 -1 59 -59 -72 -75 29 62 79 -43 -57 19 -64 -85 -82 -3 -34 85 63 97 36 -68 16 -9 -80 94 91 -54 -67 -74 -80 -26 -3 75 86 -42 68 17 48 -28 98 -77 34 19 -99 57 -3 81 27 27 76 -13 -50 47 
-64 -90 -49 -42 41 -99 43 -46 -38 -23 -58 -92 55 3 -16 -35 62 -62 60 74 42 -51 -82 85 -79 -95 -81 5 -66 34 -10 60 -4 12 40 52 66 -17 -56 -56 59 57 54 82 -94 -38 33 -40 -39 26 42 -10 -76 -35 2 -72 -41 23 41 -27 
-1 -42 -77 -100 63 29 -80 49 -40 -70 78 -38 8 -42 38 44 81 10 23 -9 10 52 -23 -16 -21 87 -93 -97 -16 -91 77 -65 -15 -72 -32 6 -56 -92 17 35 33 -13 87 5 85 -21 93 1 -45 80 -15 -12 -69 10 -26 70 5 85 -53 13 
-77 9 25 41 -12 -51 -46 86 25 73 64 -61 -43 -12 84 -43 55 39 -49 41 -97 -39 21 -55 -74 -44 -96 82 0 91 -97 43 -60 17 -29 -88 60 19 98 -53 87 -45 75 -90 59 72 -98 -45 -13 -91 57 77 -92 33 12 -18 -76 56 98 71 
58 -47 -29 61 43 96 69 -6 -1 -23 -65 92 -85 -29 -53 -11 13 25 -17 -55 17 -16 44 -87 -91 -23 -21 81 22 -56 -33 54 25 99 97 -84 -41 89 -3 24 -57 99 21 74 32 97 71 60 55 80 58 -33 -59 62 -9 1 17 87 -91 78 
-95 -62 -86 -95 66 78 -27 83 -69 57 -85 18 -13 -14 14 55 43 -12 -86 52 -84 -50 -97 -83 10 46 -13 -91 21 -63 -3 -32 -94 24 12 -60 -53 63 33 89 66 46 5 22 8 -48 -2 -40 -44 -27 23 -94 -45 -98 -85 -70 64 80 -65 -4 
36 24 34 68 69 62 77 -39 26 60 99 -55 6 -16 -4 39 -58 -91 84 -54 -78 -63 -6 39 61 34 -68 -61 -89 -44 -56 98 -24 83 -4 82 58 -92 18 -50 32 91 63 -78 -82 -64 -75 -10 71 -4 76 -42 92 -57 10 -15 13 -96 75 -83 
-46 93 -87 75 -93 18 87 -73 -8 -64 -16 -54 -69 -40 56 -85 -30 34 39 -37 -67 -63 -54 27 33 -48 59 -95 -13 8 -20 51 -48 57 -3 35 -66 -8 -37 90 -24 68 -93 90 74 98 -78 32 53 49 96 -6 -99 95 93 100 80 83 -63 -3 
65 -85 -10 26 -73 -66 -82 39 31 -75 51 67 17 44 4 91 48 27 -46 3 -47 -42 54 -55 -65 -39 55 4 67 -63 51 -73 32 -16 86 -78 50 -32 -22 17 6 -50 -77 -61 19 87 -19 7 1 -86 74 -50 71 -27 7 -19 1 0 75 94 
-58 1 95 77 -22 98 -15 -20 -31 -6 -83 -66 -25 46 86 10 92 23 -86 -69 -99 -34 -53 -72 3 -55 57 30 18 -65 -39 -7 -61 54 76 -58 -37 21 4 -91 0 1 -80 -46 -80 -100 47 65 -74 -57 -74 -97 18 -74 -9 12 -72 82 60 21 
-75 78 -96 83 -15 23 -66 0 41 -57 37 -63 -48 -42 -57 17 7 54 59 -3 -94 -83 29 50 51 82 77 61 -34 -50 31 -94 59 -13 45 -54 -5 100 -53 78 15 26 22 67 66 64 -88 -35 -61 -80 -24 31 96 50 19 -7 -93 -96 -86 82 
54 63 77 -19 94 92 94 -88 -53 -18 -28 -78 21 -66 -83 -50 -40 -39 58 64 -7 -82 70 90 90 -52 98 -96 35 93 96 16 49 85 17 -95 49 66 -100 97 -25 23 -72 -7 -28 -55 -28 24 52 76 -40 -4 13 -18 88 41 -40 1 -92 44 
-27 -82 7 -43 17 53 100 27 -17 -34 -78 17 -79 -63 -34 49 22 -13 57 -54 41 -38 -34 28 69 -28 -51 29 -26 -38 11 73 -28 -39 -40 -23 89 52 -93 10 50 24 -74 1 -23 -33 29 -22 73 -78 42 71 -99 71 94 -68 -17 77 2 -97 
57 26 86 75 -10 9 62 -13 91 50 84 46 37 49 -51 48 86 -59 4 -23 -82 82 -82 17 69 47 76 0 -61 -52 91 -1 19 56 -100 -46 42 -55 93 -80 87 -13 -13 44 81 17 79 40 14 -99 -19 60 -18 70 28 88 -43 39 -35 59 
-42 -92 -1 -75 22 72 -87 -36 25 57 53 15 -39 14 34 35 -1 -65 -21 91 72 -80 -10 87 -23 -18 25 -9 33 6 -57 -43 -90 19 -13 53 -80 71 44 -93 58 10 -22 66 21 -28 -49 -75 -36 -55 50 -48 -23 19 33 -89 -27 -78 -82 63 
-18 86 -78 16 -72 25 27 40 68 -8 60 56 -33 68 18 40 67 68 5 -12 55 -13 94 -49 28 1 21 -86 53 -59 3 -10 16 22 42 89 -52 -35 -35 36 -98 -82 -3 3 41 14 -61 -17 87 -87 7 84 -3 -17 94 -27 -50 54 -30 -74 
26 -39 -17 -82 83 13 -63 82 71 30 53 33 -98 -43 -71 -41 -53 -54 -61 -51 28 -95 -62 -98 93 99 36 -61 -86 -24 92 17 32 62 -67 100 -36 0 -77 -45 4 18 -9 50 73 -83 2 7 -64 20 75 -2 -58 -49 37 65 36 2 -38 74 
87 45 70 -72 33 -71 35 -29 61 35 -86 52 -90 2 50 -26 8 77 -36 -33 -12 -86 -59 99 -65 75 -56 -7 -77 43 20 67 9 -51 92 60 72 38 8 -7 7 50 52 88 -31 -41 -93 79 11 -77 12 -1 -12 -54 -67 -92 72 76 64 -18 
52 4 -99 -77 -65 14 -80 2 12 90 -68 -6 -12 -12 -20 56 -37 93 71 -92 -99 -76 90 20 100 74 13 28 -59 -29 20 -25 -61 -6 95 73 59 38 66 44 -86 -19 -45 -93 -55 -39 -39 -12 46 89 18 47 -100 29 -28 9 -35 95 -14 61 
72 62 6 47 -49 -33 73 -100 50 -71 -70 -51 3 -12 34 -59 93 3 -1 -100 -1 -76 -96 51 -41 72 37 67 35 43 -40 38 57 19 -30 37 11 19 51 -97 62 -67 -59 58 -44 28 -88 51 -73 50 96 72 -10 89 42 -37 -42 -32 48 9 
-47 50 29 -20 -38 20 62 36 91 98 11 -40 -72 -63 21 -78 83 -59 48 -67 -8 52 54 98 89 -95 32 41 51 81 62 -86 -73 -50 -6 18 31 -59 56 3 24 25 25 21 -15 70 -92 12 -37 -84 48 -34 89 -3 -50 9 -68 -30 -4 95 
96 12 -67 8 35 -70 -62 55 87 15 38 -73 -91 40 43 -84 51 -40 45 -52 98 28 37 14 -69 17 -81 -92 37 -67 -77 -65 94 18 -35 -63 -60 -65 17 20 77 52 -74 -70 3 -49 76 13 14 100 -92 42 73 -45 7 70 25 -2 -3 75 
74 -7 -1 -84 -27 86 -26 31 -63 -19 -89 33 -15 1 20 -80 -39 -22 -19 -83 98 27 -10 -24 19 82 64 -66 10 60 63 55 -54 -82 12 -65 -1 45 -69 83 -1 31 92 6 -77 -42 -3 -73 3 -2 70 77 -77 -58 80 -43 -46 -64 2 61 
-4 35 88 -72 -6 0 -23 2 -69 89 86 76 7 -9 -86 -1 -74 -8 52 28 48 -57 -23 38 95 11 51 -23 100 27 -89 -82 -59 98 -76 -82 92 16 7 57 10 -98 18 36 -78 3 -51 99 65 -45 43 -13 39 89 -27 -63 -3 -88 75 -49 
-96 4 -8 -46 -84 42 94 -80 74 -76 1 -94 -72 -41 -29 -41 -80 -42 -72 65 36 9 -21 25 -87 91 -72 -13 -6 68 -23 97 36 2 94 -10 -96 -25 -96 39 -3 46 79 26 45 42 -66 -34 49 -16 -34 -9 78 19 21 -78 54 -98 -17 4 
3 -28 -19 -77 -54 53 55 15 79 -89 95 -23 20 -96 -33 -25 -46 -89 73 -3 75 32 72 68 6 -65 -85 -68 78 58 -58 -48 -85 17 -10 21 -7 10 6 85 37 91 -65 -72 -62 -25 -22 16 -13 -88 19 -1 -13 49 63 -95 87 60 -3 -78 
-10 -41 -30 -11 48 -67 37 68 58 -68 58 20 91 81 90 95 79 -6 60 96 -40 15 9 -66 -56 61 -10 36 23 11 -58 -3 7 -17 -84 -52 94 65 -100 20 -57 63 -87 -79 34 71 50 19 49 -5 1 -35 -58 -12 -58 -47 -42 45 16 15 
-22 39 81 94 86 71 78 60 -19 -36 51 39 -91 15 -95 -53 42 -82 70 23 -10 76 -13 37 30 -99 84 40 -20 8 -10 -91 -58 -60 33 -19 -90 30 53 9 1 -78 56 82 -46 -82 10 -98 -99 99 13 17 -52 -74 75 94 -35 94 70 -31 
-32 42 -91 -24 -48 5 56 35 19 -35 92 30 55 -68 -16 -26 43 23 -67 -80 -99 -2 -31 -69 -84 -7 12 1 -45 -82 -2 4 50 -69 25 78 -19 45 40 15 19 -79 31 8 80 -11 -81 -48 11 -49 -57 -57 91 37 52 -3 4 -87 74 -18 
88 -83 98 -64 -50 95 -84 -95 -73 -82 100 59 83 21 -29 9 70 -13 84 54 -86 44 -63 60 -61 -99 87 -31 -51 54 -43 -7 52 -19 81 37 -9 97 84 -14 90 -37 -81 -93 55 82 -31 -83 70 -55 38 25 2 69 36 -42 -3 -66 67 -70 
13 77 -27 -2 39 99 51 -60 83 43 2 -27 79 63 55 79 -74 -51 25 -29 -2 -37 -17 25 86 -86 55 38 39 5 -24 73 -54 -53 71 41 -44 94 19 31 31 -50 31 -96 69 88 22 -30 53 -52 8 80 25 82 -83 -29 -88 97 33 12 
-28 51 53 66 11 -6 78 74 -74 73 -81 62 11 -67 74 89 -80 36 54 -14 93 16 50 31 77 89 -33 -51 16 -36 -9 -23 81 -62 33 -28 11 -22 -59 10 66 -9 88 -41 -64 4 -90 13 -8 -5 -54 7 -29 16 -89 -44 -79 10 34 6 
-55 31 -51 15 64 -82 -68 69 -36 -20 -82 83 95 32 75 -79 -7 -40 -38 96 -16 12 -44 11 -84 32 -45 -21 -27 72 -58 -70 55 -89 61 44 -34 -1 -75 13 37 -3 91 -91 -41 -62 -84 65 -32 -23 6 79 57 51 -55 56 -85 51 -28 -66 
45 12 24 89 -50 59 43 -98 54 3 -44 8 25 -6 96 55 12 -56 -36 87 -54 -56 -4 -65 45 21 80 21 13 -15 14 75 5 -61 76 -77 -53 91 -60 -5 -97 18 60 -13 -59 -14 70 2 -17 0 -95 -18 85 -67 -90 94 54 -15 43 -52 
42 -34 -21 -78 -65 -16 89 45 81 -100 -87 98 99 -98 24 -41 9 -78 -63 -19 -66 27 -4 -42 52 -85 -39 -69 27 35 40 -2 -80 53 -49 -34 21 93 -25 96 -27 85 -23 -75 -93 22 -11 34 46 75 44 -89 79 24 -79 -6 -15 16 -68 21 
53 -3 25 56 67 -80 60 -71 -9 -49 80 10 28 10 35 0 8 -86 44 -60 -53 -28 6 45 42 -80 26 -76 -65 24 -37 67 72 -48 1 -96 29 77 39 61 18 27 57 85 -54 -85 98 82 -89 -97 -42 -23 4 -44 -91 -73 -64 -89 62 53 
31 -97 67 34 32 48 91 -3 -37 -5 -28 -8 -14 23 27 -71 30 32 27 -35 -15 73 -90 95 17 -4 -28 -77 91 38 -53 -81 33 33 55 66 34 -25 16 35 -57 -42 -17 28 57 69 -58 -85 89 -31 97 93 -75 92 49 23 83 -81 3 71 
-54 86 51 27 96 -83 75 -92 -23 88 -36 84 89 10 -97 98 27 -89 34 -55 -16 24 -2 88 -53 38 86 -88 75 -61 17 -44 51 -99 48 93 -17 34 24 -14 48 44 -93 50 -60 -17 82 -10 -42 -64 18 88 56 36 7 -48 -25 -7 -59 -11 
-15 -67 35 52 -11 -25 -70 46 -2 76 64 66 -9 81 56 -62 -33 12 30 63 49 -43 -37 -89 -90 73 -36 60 -94 -46 49 -28 -57 53 -55 66 -66 -62 43 -43 -74 -55 -28 -95 -67 -43 3 -22 -62 -90 67 65 35 -100 1 -27 0 49 -5 -65 
81 -75 54 -8 -95 81 29 -29 45 75 65 21 -90 24 -75 84 69 65 -32 12 -71 -4 35 15 57 -96 86 20 -71 -1 -48 74 -57 -68 45 36 33 -13 -15 -26 -6 96 14 -84 18 -40 -12 -9 -53 55 0 -94 94 84 28 69 99 99 -63 70 
-98 -33 -71 15 -16 -100 18 67 -62 -91 65 -40 -86 82 60 92 -15 -90 34 -78 100 64 29 77 14 3 83 7 62 -65 24 77 39 5 30 96 38 -44 88 -58 -68 -60 -14 -68 -66 33 -55 -95 -72 33 11 72 67 80 7 -23 -14 65 47 39 
77 -80 59 86 8 -57 29 1 -42 -37 -68 -78 -14 -74 85 88 -11 65 -27 15 -82 -60 -58 75 76 -82 17 15 -43 -96 11 -86 78 18 -13 -17 0 29 -64 -58 75 95 -72 90 78 -8 67 21 -98 2 51 -34 -64 -32 63 -40 -53 98 -15 95 
-57 -43 -95 33 90 -31 -58 -58 65 -91 100 74 37 22 9 21 94 -61 11 -60 -45 -69 -19 -49 -85 48 39 41 -74 -32 50 -74 -4 5 15 -3 -87 -73 2 36 -54 82 26 -67 1 -22 -71 -72 -85 86 -9 -28 -42 -62 49 -24 30 40 32 55 
-9 55 70 -31 -86 -71 63 -51 -43 40 -33 31 -81 8 -14 51 12 -27 -5 -20 21 -60 74 38 -87 -83 43 73 76 87 63 -44 17 -60 16 23 -30 -76 26 -57 -67 18 -71 100 36 -18 -32 -76 -40 -17 -43 62 -44 -16 3 -66 -4 28 93 -49 
-46 -7 -33 0 -6 -3 70 -23 -95 67 79 -39 43 66 20 -50 -44 -33 1 34 32 84 79 -83 77 -57 -48 57 -46 83 64 67 6 -95 14 8 63 -92 -13 -22 -94 39 67 -32 -60 4 -20 -55 56 69 -84 -41 -65 -52 -29 -59 -11 14 88 -30 
-21 27 -27 31 43 -48 -94 -15 -73 -97 -74 50 87 22 94 -68 84 94 24 -79 65 -98 -44 -65 51 80 75 -82 43 -7 -37 -7 93 34 26 -9 -27 60 100 -54 -7 15 15 -25 -83 22 15 -24 -65 -30 5 -45 48 -72 62 -91 85 95 5 -94 
82 -17 28 -22 -1 16 -30 -53 -51 -73 89 66 -80 72 8 34 -88 9 -34 92 -95 7 30 -63 19 -69 -35 -61 12 -35 -53 7 -60 -75 78 -93 91 32 67 86 29 17 -94 -40 -25 -96 80 8 76 -58 53 -92 -2 -45 82 -86 71 -89 91 81 
-22 69 -27 -39 -46 -99 59 21 36 15 -88 -98 23 39 -94 95 -16 -100 37 99 41 19 4 -51 -100 -60 14 1 10 20 -75 -58 38 -51 -70 79 -88 86 -89 -29 95 81 70 17 25 -19 -88 -77 -52 79 -37 12 40 53 -53 6 89 19 -47 -75 
-56 96 44 94 49 -51 -82 14 64 51 25 -57 -20 37 -85 -67 9 9 -5 -38 99 81 23 3 54 -83 52 28 -60 8 79 -54 -94 75 81 -44 -59 68 -13 -8 79 29 -64 33 49 18 -6 16 69 -34 73 53 46 -41 54 64 -80 -69 -83 -99 
-85 -82 44 -4 8 -20 12 -23 -75 37 79 -100 -60 -19 -54 -42 -34 30 64 -36 25 -64 -13 -35 -18 83 78 25 -75 36 62 24 -84 73 87 35 -20 74 -30 -71 -11 53 -51 17 68 22 75 36 67 51 -83 -26 18 -1 0 33 -14 -26 -38 -89 
-16 -82 34 37 77 18 2 -48 -9 72 -71 -30 -62 28 -92 -25 -16 83 93 53 63 -100 -57 -92 0 -84 -24 7 -37 69 45 -100 -84 -1 16 37 94 30 -49 -93 -91 79 81 94 71 -29 29 -74 -92 53 66 -37 40 95 82 4 23 45 -11 -52 
88 71 52 -6 12 3 -11 50 92 98 -53 79 -1 -18 -51 100 -93 30 -44 -11 -5 41 -54 1 17 -61 86 -27 19 62 34 -19 25 84 -77 -88 -39 77 -30 -15 -28 48 0 7 -53 83 76 45 -50 62 50 -92 78 -9 -98 99 -63 82 -63 54 
57 -2 -17 -37 59 -96 82 53 -19 61 44 0 -34 71 89 63 99 21 -71 22 79 -9 -50 -81 -62 26 -59 53 18 2 59 -92 47 -61 61 70 -73 -30 -24 30 97 -80 21 88 29 5 -72 61 18 -97 29 75 -4 -15 -59 78 80 12 -81 -89 
-10 -50 42 60 -18 -43 41 -28 -40 21 -64 77 -88 35 -92 48 -14 58 15 -6 -61 -89 -19 31 8 -20 74 -54 58 70 76 74 99 -44 -84 55 -96 8 31 70 44 -32 64 -20 89 -47 24 -61 -85 -72 -10 95 10 60 52 66 -16 16 55 54 
-36 72 21 0 -73 -29 -26 94 -28 -91 45 -14 -97 -65 60 -56 47 -19 -91 -3 73 -82 33 -72 93 -35 -38 10 7 85 -88 -9 45 52 -38 74 53 91 -67 68 -87 -39 2 58 -86 -30 -28 -1 39 84 35 31 97 -56 -25 -76 81 97 -8 -61 
-93 64 83 -90 94 -83 -6 -82 19 52 41 19 -91 8 58 -36 63 21 -7 94 -30 -49 79 21 75 -99 -38 32 -96 -58 73 -28 -41 -94 -86 -3 29 80 -19 -19 66 -3 -97 -11 -5 -13 -44 72 29 77 2 25 -95 -73 -92 -35 -98 16 -55 30 
-9 -53 -93 41 -69 -53 56 79 -93 89 -100 -85 -23 23 -30 32 -80 6 -63 2 -31 -60 -4 -29 -15 -47 -77 -64 -15 -27 60 -44 -46 64 -4 16 -81 -44 -91 -44 49 -21 -82 -21 35 59 -2 90 -67 -83 -100 27 -98 67 -80 -5 23 -60 67 67 
57 4 4 -68 41 -24 27 -5 27 -27 88 98 93 -71 -22 -32 89 39 -94 -72 -28 71 52 24 -18 -38 12 45 -58 -11 11 -21 76 -33 18 -79 24 70 28 -73 89 -63 -42 71 -74 85 22 -98 79 -59 -29 41 -20 36 42 -45 -23 75 -45 -67 
