100
88 94 14 -92 -50 -25 -100 31 -25 25 100 88 21 -99 -64 -64 91 93 -60 -99 -90 4 72 -78 -26 90 80 71 -19 -12 -60 -53 -90 -9 -14 -74 35 46 98 -47 97 -6 11 44 75 -32 -87 72 -18 -74 93 43 36 -6 -81 12 0 36 -90 3 33 0 48 79 59 60 -73 88 39 86 -72 -22 -44 4 -58 -29 39 -76 60 70 -29 6 -93 53 -49 -19 -51 21 -14 54 36 -74 -9 -24 70 -11 8 75 -82 -47 
-9 88 65 -40 -43 -25 69 17 22 -43 -10 73 -13 -58 -66 -19 88 76 -55 -98 11 56 64 19 36 -100 -60 -88 -12 -17 15 75 89 -18 38 6 12 26 41 -43 -57 -7 34 75 -94 93 -76 -96 21 -63 -54 39 24 98 40 58 -53 55 76 -98 -51 -11 26 -81 44 87 87 22 35 97 -67 58 -17 -41 40 77 -17 -91 59 68 -36 37 96 94 29 69 41 -91 14 62 41 -88 5 -76 -27 76 62 2 -1 66 
69 31 -45 -60 25 -57 -2 7 60 100 -62 6 -91 30 66 21 83 13 -73 -69 -37 -72 -44 90 -50 -19 -55 15 90 68 -66 -85 -81 97 77 60 43 -89 -79 -45 -94 -49 49 -56 79 88 -4 30 -42 -6 19 84 44 50 -85 73 71 -16 52 13 -20 -65 -88 80 -76 40 79 -32 77 72 -65 93 -51 -72 84 74 -95 -67 97 -4 -36 -6 -95 32 2 -67 94 -1 -20 17 -66 9 -84 26 44 76 -24 19 -86 -1 
29 18 79 -93 -58 -65 -77 27 92 100 57 -20 -47 -6 17 -81 -32 -72 -65 55 -58 48 52 -40 -48 -53 -51 -67 -39 -41 89 6 -2 60 -52 95 -29 -42 31 57 18 41 -17 -71 14 -13 -98 -76 15 30 -59 -8 -70 100 74 15 -17 38 -97 -1 -47 -98 45 -36 34 50 -26 26 34 -17 47 24 -22 -36 33 81 -56 -57 -51 78 -68 97 -6 86 -33 -20 -20 53 2 -94 22 98 46 20 -33 -51 -9 -20 35 23 
-28 58 33 -77 82 -42 -59 -5 -6 39 -88 -31 -23 -17 64 -93 77 82 40 69 44 -35 13 -43 -12 -84 67 -42 71 -50 80 -44 -25 29 54 13 -65 -4 -5 -10 100 57 -40 88 -20 87 -33 93 54 -44 -81 -39 -87 -44 -86 -84 -29 -54 -29 77 -55 -10 -72 50 -64 93 71 -96 -58 72 6 -51 40 4 -2 47 21 91 -80 73 75 69 -97 3 -12 32 -45 -47 52 -78 50 -53 -63 44 -9 -23 1 75 -72 -40 
-19 -79 -39 30 -30 12 97 -29 -86 15 66 -47 5 100 14 -48 17 20 66 -66 5 29 -86 83 -95 81 75 -42 -5 95 -12 -62 17 3 -64 -64 -61 47 53 -90 92 -99 73 -73 75 37 -19 -45 8 -65 -64 -81 -25 -76 17 -80 -98 33 -62 -33 8 -89 39 -16 95 -12 72 50 -40 37 14 11 44 21 54 94 -50 -1 89 -22 30 9 72 86 87 4 -10 100 99 -82 44 -100 40 -2 -71 56 82 90 79 72 
78 -5 -31 65 -7 -51 93 52 -39 1 100 -31 -87 19 50 34 -36 -5 23 -32 95 -43 -99 69 52 11 -4 80 -35 26 30 -25 18 -82 -71 -42 -34 -32 100 -91 -61 69 -23 20 -24 14 61 -42 -96 -51 -74 69 -71 83 63 95 62 5 2 -14 23 -59 -16 35 9 0 92 -20 -89 38 98 70 26 -22 -16 73 96 -42 8 -60 83 43 -53 -74 -89 -2 -82 65 4 97 -21 -73 -63 -30 80 62 -6 96 -75 -60 
11 93 75 41 -32 -67 -65 -52 87 81 -74 -97 -55 -96 87 -59 -90 -25 31 -6 -84 89 31 -3 -52 -12 82 -75 95 -88 -51 -14 69 -25 58 56 -62 80 27 -94 -89 98 -50 -99 93 -62 -71 -37 -91 -2 95 10 -92 -49 -65 70 71 -16 100 56 -48 30 -36 3 93 72 95 35 33 18 93 33 88 60 -11 -51 49 -73 14 99 -37 22 -54 -58 59 -56 15 -91 39 -72 27 -23 9 44 67 -73 -80 -76 -51 -67 
62 -12 39 21 32 -63 -34 51 -40 90 53 70 47 -95 3 -67 -83 -52 98 -64 -20 90 -90 -72 -91 -8 64 15 29 8 93 17 -74 83 -90 26 -79 31 -7 -69 -10 6 89 100 85 27 4 -67 9 -20 90 -11 24 73 27 6 75 39 -40 12 8 -56 20 -73 54 85 -8 -69 24 -77 -58 19 -10 -77 46 -95 72 32 35 -79 -69 81 -49 12 -59 46 52 46 -41 -20 6 -58 81 -40 -17 23 -40 58 -98 -61 
100 75 -88 92 -32 84 -41 -85 -64 21 -53 -83 54 29 57 -42 1 94 45 -45 59 4 -31 59 26 -20 98 -88 84 -25 -50 70 25 1 -3 91 -62 100 71 37 83 -16 -98 82 21 15 -82 3 54 -85 -61 73 74 -30 -91 80 -49 95 75 17 62 -64 -1 -89 74 46 98 88 85 -13 -85 83 99 -20 58 -39 87 -100 -84 35 -72 -58 99 90 -28 80 86 -73 -61 -28 -11 -12 -42 -55 -29 27 -1 -81 -63 57 
-84 -5 -63 -98 -70 -87 63 -33 75 -16 86 91 55 64 -50 -100 9 -72 -70 -88 36 15 -12 -71 -49 98 6 39 -57 -69 73 -7 49 3 -1 70 47 -93 -91 16 -51 76 11 -79 100 -79 42 48 -47 38 66 -82 51 65 -16 60 -98 -7 49 40 -98 -47 -20 -18 57 -48 -76 48 84 -11 -64 85 67 10 7 -49 -57 39 81 51 -58 -72 -31 -67 13 98 -42 10 0 61 -33 97 -51 85 -12 33 6 44 -92 80 
55 -38 52 -50 -1 61 -84 88 15 20 -85 64 72 -43 -40 -61 -17 -88 -47 -92 -85 -69 -84 -42 -87 -85 -93 50 44 -25 -62 -72 -82 36 -30 83 -90 -97 -9 35 -98 -18 45 92 10 93 46 -37 88 31 -84 -96 -56 5 55 60 3 27 -17 -6 35 21 -34 -42 66 -24 11 -66 -19 65 70 43 -93 53 99 -22 31 -13 -15 -77 0 97 54 -19 3 58 -32 26 53 -97 65 -95 -33 71 36 -11 -48 26 48 50 
-77 -9 -27 -77 -64 -14 -55 91 -10 -76 46 48 -92 -29 90 39 -61 -60 96 -5 36 -11 -96 -54 -57 12 23 -55 57 -42 21 11 23 82 -10 -9 41 -74 34 9 4 23 22 74 -20 -1 -22 2 14 -62 -76 -49 56 -29 19 85 69 -73 -86 -72 -77 -88 76 -60 38 75 42 15 47 75 52 80 -11 1 12 28 -63 16 -84 -64 59 -24 -89 91 -13 66 -77 -88 -84 -23 -97 -6 93 45 -81 75 -91 -47 -25 30 
46 58 -50 -25 -100 31 -25 25 -5 88 -69 30 -64 -64 -64 -88 -6 -90 4 72 -77 43 41 46 80 -60 48 8 -89 81 54 -63 -12 35 46 39 -8 97 -6 11 44 75 18 -8 32 -23 61 -45 -94 -56 -53 -38 -79 17 8 81 -87 -14 -69 -80 -62 93 53 17 -41 -24 -85 59 -22 -44 4 -58 -47 39 -99 99 -20 -52 15 -39 -67 31 43 -9 52 52 57 59 -2 -74 1 -17 -45 100 -85 78 25 -9 72 68 
-71 40 -100 93 6 -79 -80 -83 78 -32 -34 -19 88 76 -55 -98 11 56 32 19 36 -100 -60 -88 -12 -17 71 36 -63 -67 65 86 63 -22 -12 -20 -4 -85 -22 33 41 -76 -61 -39 35 -59 88 74 19 24 98 40 88 -14 87 27 -23 -75 58 26 -16 -89 74 -40 -46 10 18 21 -67 58 -17 -41 40 77 -17 -91 59 68 -36 94 -40 62 56 27 41 -91 14 62 40 64 42 65 85 75 -91 -69 80 28 9 -7 
-1 7 -90 -23 67 80 -85 27 51 -62 6 -91 30 66 21 57 94 -73 -69 -37 -72 -44 -1 6 -38 92 63 -55 -90 87 -8 20 95 70 -87 -91 74 -20 7 28 -94 -49 49 -10 -81 37 -53 -48 33 -6 19 84 44 -76 -85 73 71 -16 52 13 -20 -65 -88 80 -76 40 79 -32 45 -30 55 95 84 74 -95 -67 97 -4 -36 89 -95 32 48 -7 -85 79 3 -51 9 36 14 -49 53 26 -24 19 -12 -32 -32 70 
79 -93 -20 53 80 31 -31 -93 -87 21 -57 -94 37 -51 40 -32 60 -10 -57 -93 15 -83 -28 -96 2 -93 -50 -38 10 94 16 -37 1 56 9 18 -78 11 34 -46 -80 57 -90 62 -98 -98 -76 -80 12 -57 -70 -11 -50 -67 29 -12 6 -3 -24 -56 51 -70 -55 57 -26 -26 26 34 -17 47 24 -22 -36 60 -90 -65 -57 -51 78 -68 97 -6 86 -22 -33 -20 53 -71 -22 -94 22 98 46 20 -33 48 61 35 35 23 
71 -27 -99 -57 -34 16 23 92 -29 0 34 30 -33 -68 89 -33 82 40 69 44 -35 13 -43 -12 -84 -42 27 74 -4 -79 -27 29 54 13 -65 -77 -77 32 31 100 57 87 -24 -10 87 -41 -23 -93 47 48 -19 49 -23 -86 -84 -29 -54 -29 -100 -32 -20 -84 -98 -1 16 -56 -39 37 26 42 -99 -51 89 47 -14 100 -44 -47 29 -48 -20 81 -3 -42 74 9 52 52 -78 50 -53 -63 44 -9 -23 1 75 7 -33 27 
-39 30 -46 -84 15 -81 55 -68 52 -39 -47 12 -43 53 -48 17 20 66 -66 5 29 -50 -86 -95 81 75 -42 -5 95 -12 -62 17 61 -48 -38 -53 34 -88 73 12 100 94 -23 -43 -94 -28 21 51 -77 78 5 -76 59 -5 -50 -62 -33 8 -89 39 -16 95 -12 72 50 -40 61 -23 -82 44 21 54 94 -50 23 -9 -34 -44 10 86 87 4 -10 100 99 10 -26 51 44 -100 40 -2 -71 56 82 90 79 72 78 -5 
-71 -7 47 -51 -76 -42 -4 58 -80 -21 19 50 34 -36 -5 -59 -18 88 -48 -96 69 52 50 -77 33 82 28 39 86 78 -82 -71 -42 -34 -32 -49 -91 -61 69 -23 20 69 55 61 -42 -96 -51 -74 69 93 44 -100 95 62 5 2 -14 -4 -47 -16 35 -81 0 92 -20 -89 -27 -81 8 2 -95 78 7 87 38 28 35 68 83 83 0 82 4 6 -16 70 97 -21 -73 -63 25 80 62 -6 96 -75 -60 11 93 94 
-51 16 -32 64 -52 87 81 -74 -97 -55 -96 87 -59 -90 8 -9 -42 -36 33 54 89 82 74 58 95 -88 38 20 73 7 -32 -74 -48 -22 -74 -14 18 -15 17 -51 31 68 -87 61 59 -81 -2 -28 -53 -65 70 -88 -24 18 -58 -37 27 -96 13 -78 -61 66 78 -59 -20 -84 -69 56 -96 4 -61 -30 93 85 -94 99 -51 -77 72 -16 51 -63 12 -10 62 8 -44 -96 -12 92 -80 -17 -91 -16 9 -18 -77 68 -5 -30 
79 -34 -15 -32 90 33 -53 48 -7 10 85 -9 -58 -83 53 -49 -7 -54 -32 -33 20 90 29 -17 20 69 16 77 -90 26 -79 31 -7 97 -58 89 100 85 27 4 -67 9 -20 -77 73 59 -38 -14 -46 25 49 -28 9 78 86 51 -65 -51 90 41 -3 96 -85 45 0 -7 -39 -33 -63 69 -29 -16 93 -79 99 81 51 -49 51 -49 12 -5 96 52 46 -41 -20 6 -58 81 92 31 17 -60 -40 58 -98 -61 -17 75 
-88 92 -32 84 -41 -85 -64 21 -88 -61 -66 -44 57 -42 -81 -40 95 -21 59 -8 63 -3 0 0 -87 84 52 2 48 -91 -13 -3 91 -62 100 -91 -16 -86 -76 15 -44 -21 -89 15 -82 59 1 80 86 9 -66 14 27 84 87 95 75 17 62 -64 -1 -89 74 -65 -23 51 85 -13 -85 83 99 -20 58 -39 87 -100 -84 35 -72 -58 99 90 -28 80 86 -73 -61 -28 -11 77 -93 -12 -29 27 -1 -81 -63 -30 -69 8 
-69 75 76 0 -9 -42 75 -16 86 91 55 64 -50 -100 9 -72 44 -16 46 11 -3 -19 -49 98 -16 18 -17 -51 73 -7 49 34 16 -57 66 25 -60 43 -57 61 23 50 35 -8 -12 -56 39 19 44 -52 34 -39 12 -90 -44 29 45 59 21 -56 -4 -62 -92 -72 48 84 3 -64 85 21 10 7 -49 -57 -91 60 -58 -72 -31 -67 13 62 94 -35 55 40 -29 -64 -53 68 -12 33 6 54 42 -23 -63 -61 67 -89 
-13 18 -84 88 15 20 -85 96 -19 27 98 15 -8 -88 -47 -92 42 -84 96 -42 -87 63 60 -13 22 2 11 -48 -91 -13 -85 -90 -97 77 2 27 -20 -3 13 -27 80 -24 -27 -26 -47 -50 -96 -56 5 55 60 3 27 -17 -6 35 21 -34 -64 86 81 32 -82 -33 32 33 65 95 -93 -98 -81 -96 31 -54 -38 -13 -44 -61 8 53 30 6 12 52 64 -24 -67 -33 71 36 -11 -48 26 48 -5 69 -21 -34 -99 -99 
-2 -55 91 29 -76 -81 -92 -29 90 39 -61 -60 49 6 -64 -79 92 76 -32 42 85 17 50 -73 -91 46 96 52 -9 41 -74 34 9 -49 71 100 -34 -11 72 -48 -58 -62 -76 -49 56 -29 19 85 69 -73 -86 -72 -77 -88 76 -60 38 75 42 -7 -3 74 -10 12 -28 26 28 -63 16 -84 -64 59 -24 -89 91 -13 66 -77 -88 -84 -23 -97 -6 93 45 -81 12 41 -52 -13 62 61 -4 78 -61 75 20 73 -98 -82 
77 16 -92 -29 90 39 -61 -60 49 6 -64 -79 92 76 -32 42 85 17 50 -73 -9 -77 13 52 -97 -16 -74 34 9 6 31 61 -34 -11 72 -48 -58 -62 -76 -49 56 -29 19 85 69 -73 -86 -72 -77 -88 76 -60 38 75 42 -7 -3 74 -10 12 -28 26 28 -63 16 -84 -64 59 -24 -89 91 -13 66 -77 -88 -84 -23 -97 -6 93 45 -81 12 41 -52 -13 62 61 -54 78 -75 75 -45 4 -70 -99 -38 -29 -72 -75 
36 89 -90 75 -30 -69 49 39 59 -100 51 52 62 -43 -81 -52 -83 85 -42 54 2 80 -52 89 -8 97 -91 -43 47 -11 35 -30 -79 5 -88 88 -69 -97 43 -75 88 93 53 -93 67 -63 -93 -17 -5 -73 -78 12 38 -34 -2 16 80 -75 57 -55 56 60 -71 81 -51 22 -59 66 66 -16 -57 67 -12 72 -9 63 -4 -64 -11 -49 -10 -75 80 -9 10 67 87 -96 62 20 -36 -14 -16 -32 2 62 -53 -1 98 36 
-43 76 -75 64 -50 -98 -15 41 8 -64 45 93 57 59 32 24 -97 -43 19 87 -75 91 -19 -53 -8 -67 -81 -43 -16 -23 66 -13 83 -97 11 60 97 88 -8 -60 -53 -76 -18 40 -53 -85 100 -58 49 -82 -97 -61 -27 -10 -73 -30 -76 35 99 51 100 27 -92 -50 99 -6 -23 -41 -68 -18 18 1 38 3 -40 79 8 58 -50 -93 49 13 64 -46 62 65 53 -67 14 -1 52 -50 7 7 55 -47 38 63 76 -72 
5 -62 -23 -23 92 -22 93 -40 -66 99 -61 27 -61 -49 8 -79 18 16 49 -95 -48 -44 -76 35 -87 -13 41 84 38 -100 30 -3 -22 62 -30 92 -94 83 -92 -36 -50 96 -56 81 -81 -33 17 -96 -82 100 69 33 49 65 -41 77 -55 -95 13 -91 -50 76 -46 8 -86 -27 -73 -44 -23 1 -76 -23 99 19 9 -37 -32 74 -2 62 8 -27 62 -79 -53 83 -83 -60 -87 57 -39 -65 -90 50 60 69 -94 -68 -84 -5 
-21 -9 -41 44 12 -12 -67 -44 -93 62 43 -34 -32 95 97 48 1 70 94 77 4 -68 55 -55 -70 -76 12 24 79 -91 32 63 22 32 25 40 -46 84 56 75 -51 -67 -49 55 -71 -65 -73 -39 61 16 89 -65 -94 87 -89 24 -49 100 68 -59 -33 44 -20 -74 96 0 74 55 -43 14 64 -31 11 3 -26 19 58 37 19 13 -13 46 80 -26 91 82 -29 -80 -44 -12 -93 -17 -79 -68 -70 -7 59 -58 -19 -85 
-8 83 -59 57 -12 50 -88 87 -45 -63 14 74 -51 22 89 -100 -51 75 -55 -41 -73 -80 73 2 -77 -89 -20 59 -72 63 -7 50 44 -47 -8 -46 -2 -96 -99 -31 -35 5 88 21 -95 98 83 2 93 -28 -34 -70 81 -88 99 53 94 -17 44 -46 -44 41 -8 -21 -55 33 -34 6 81 -98 -61 -53 -71 -77 -97 -54 52 92 61 98 -28 29 -89 -45 75 44 49 -94 39 48 -17 -10 -21 3 76 -97 7 87 -5 -70 
36 -61 -61 72 82 -58 -46 -30 -4 38 75 -29 95 -72 -61 44 -13 16 22 -41 -43 -27 1 86 97 33 86 21 7 41 -73 21 -100 -69 5 -84 -80 -30 66 41 50 24 98 12 -23 69 18 91 32 38 -91 -6 67 55 -76 -51 89 -40 -86 30 38 95 48 92 -63 84 -90 -72 87 -81 -5 -2 40 51 -60 -7 -7 -96 57 9 40 12 -98 18 25 4 -72 -61 9 -35 96 11 3 -10 -88 -12 -96 20 48 -46 
35 -50 -78 -64 -77 61 -19 57 18 16 73 3 -32 -30 -97 -27 83 -44 6 -96 0 -4 48 -11 -11 -37 61 81 -27 -60 24 2 -85 22 96 65 -5 59 -90 -33 -30 86 -36 82 34 -61 95 38 40 -19 51 -4 -62 -20 95 60 -95 -35 15 -81 25 10 4 21 -7 -64 -14 -16 -98 53 47 65 -45 82 0 -18 -86 -27 91 24 36 42 -55 -32 -73 66 -98 -6 41 -38 7 95 86 -36 -86 -70 -7 65 -14 -74 
-73 25 35 49 45 32 28 -17 -14 46 -1 -24 -97 10 15 7 77 52 99 -58 76 -1 63 67 14 -14 3 24 -59 -15 -45 98 47 25 7 98 92 -17 25 -66 -76 58 -26 -92 68 86 26 62 -2 49 84 -34 -67 -43 -34 58 76 30 -60 4 -98 61 48 91 -15 12 94 74 -28 -30 -4 -59 75 -80 -14 -54 95 11 68 -64 -26 -48 11 -3 25 -10 -76 32 -5 1 -37 23 52 -11 75 18 46 71 56 27 
-51 45 -24 -48 75 -96 10 -67 -5 77 58 -84 72 -29 -70 49 16 71 -47 -6 42 -64 35 -16 59 -82 -72 57 20 75 32 -4 69 6 41 -83 66 -35 3 -65 46 89 2 -32 -25 -83 -95 74 -1 -70 -18 99 -34 85 65 9 -25 81 -50 25 -47 25 -79 -66 39 21 13 -25 19 4 -95 27 -85 -49 98 -40 49 -45 59 -82 10 -81 30 -42 54 52 -18 -40 19 -68 -30 31 -61 -66 -19 -92 -31 -86 -52 -36 
47 67 -20 -74 -21 77 20 -19 68 86 -93 65 -88 34 -42 99 -16 34 -87 -30 91 -2 -61 -80 -41 14 -31 76 -75 -98 81 65 -10 14 34 -89 44 -85 90 -19 -98 -25 45 -14 69 -38 2 -69 -20 -14 7 51 89 23 -51 35 -49 -70 -72 -17 85 86 -50 34 4 -71 -34 15 37 37 47 -98 78 -68 -87 -92 -41 -34 6 -9 22 -50 -99 -49 11 62 75 -79 78 5 -3 18 92 0 -77 -82 100 -5 88 14 
45 26 53 86 99 71 62 -22 57 -93 47 1 -8 -33 -73 25 -69 84 -44 57 -84 -58 -22 -82 -30 -37 -92 -100 76 -29 -34 -86 43 -29 -54 45 -71 -3 -20 95 -91 -44 -41 -67 -57 67 70 -26 78 4 4 -90 76 21 -56 -20 82 -33 -51 -65 -42 -60 -10 58 -8 17 -25 12 -69 -56 -97 60 96 74 -83 -61 -66 10 -46 54 -38 15 95 84 88 -35 61 -13 -84 -97 -6 23 -100 -32 -52 52 84 76 71 19 
-41 86 96 22 -88 -82 67 -80 -65 59 38 56 -71 49 15 64 51 49 18 -9 -8 -72 73 -91 -92 36 82 97 98 22 -37 -64 -6 -6 -33 65 15 6 -93 14 -75 71 54 -2 98 -93 8 93 -6 -65 -7 32 -79 11 -48 -81 -46 44 36 -35 41 -73 58 74 89 -52 -56 53 17 98 -73 -46 95 -53 -9 55 35 -18 93 -42 15 33 13 -19 36 -19 -49 77 49 67 72 68 8 -42 97 -20 -25 72 -96 93 
-65 14 58 63 -29 -92 -39 42 -5 79 -52 21 57 -47 -64 -39 -6 -36 -84 -96 -63 -78 -26 41 46 53 -60 48 -31 -60 -53 -93 -63 -12 -49 17 41 44 -47 47 9 -64 53 17 -87 72 32 -23 61 -45 -94 -56 -53 12 17 8 81 -87 -14 -69 -80 -62 60 -73 88 -41 -24 -85 91 5 97 -2 -32 -89 64 -99 99 -29 6 -93 53 31 43 -9 21 -14 54 36 -74 -9 -24 70 -11 8 75 2 78 -36 -9 72 
68 -71 40 -100 93 6 -79 -80 -83 78 -32 -34 -97 68 -16 77 -10 -2 -53 32 -40 84 42 -23 -67 -66 80 -33 15 75 89 -18 38 6 12 26 -20 -4 -85 -22 33 41 -76 -61 -39 35 -59 88 74 19 -86 9 -44 58 -53 55 76 -98 -51 -11 26 -81 44 87 87 22 35 18 21 -67 -46 -17 -27 5 96 5 -69 5 12 34 37 62 94 27 10 11 -12 24 40 64 -68 5 -76 -27 76 62 2 -1 28 9 
-7 -1 7 -90 -23 67 80 -85 27 51 -57 -34 -33 28 -13 57 94 89 75 1 -24 87 69 6 -38 92 63 90 68 -66 -85 -81 97 -87 -91 43 -89 -79 -45 -94 81 81 -10 -81 37 -53 -48 33 65 -35 -88 -76 -85 -37 13 31 -25 59 64 63 -10 -13 16 92 -97 -5 77 72 -4 55 95 -68 64 -18 -41 -28 97 -11 -6 -41 -24 2 -67 94 -1 -20 17 -66 9 49 36 49 -41 26 44 53 5 88 57 -86 
-32 29 -57 -19 -15 -99 -15 31 -31 -93 -87 21 -57 -94 37 -51 40 -32 60 -10 -57 -93 15 -83 -28 -96 2 -93 -50 -38 10 6 96 -37 1 56 9 18 -78 11 34 -46 -80 57 -90 62 -98 -21 -63 -80 -59 -8 -70 100 74 15 -17 38 -97 -1 -47 -98 45 -36 34 -17 -26 -3 -69 -22 20 24 -14 -54 -14 81 -56 82 -17 -48 57 100 7 -98 -10 62 98 -58 -30 2 72 -92 26 -83 93 -47 9 48 61 35 
-15 0 58 37 -99 -57 -34 16 -5 -6 21 0 34 30 -33 -68 89 -33 0 57 -2 -17 100 -74 99 7 -19 -3 -42 71 -4 -79 -27 37 -6 0 -99 89 -4 75 32 31 -14 -29 -40 88 -20 -48 -33 100 -93 -44 -81 -39 -23 19 44 -68 53 -3 -100 -32 -55 -10 -72 -1 16 -56 -39 37 72 6 -99 -86 4 47 47 21 91 -80 29 75 69 -97 -42 74 9 -45 -47 -74 36 75 -40 22 39 63 -48 -21 -25 -40 
-19 -79 1 -96 -30 12 97 55 -93 15 66 -39 5 57 100 14 49 -17 33 -99 -69 -96 42 -43 83 -62 3 89 96 33 -72 12 83 17 3 -48 -38 -53 3 53 -90 92 -99 73 -23 -43 -94 -28 21 51 -77 78 5 52 -49 -80 -98 48 -44 2 -31 -71 -24 -68 -89 -20 93 13 28 14 11 35 -36 -8 50 11 89 -9 -34 -44 10 14 25 -92 5 56 -55 29 -9 28 67 -92 89 26 71 -60 -100 -11 -89 47 
82 38 34 -15 -71 -7 33 93 52 -39 1 100 -31 -21 -91 -30 0 -4 68 -59 -18 88 -48 -96 42 61 99 11 -4 33 82 26 30 78 -82 93 45 -28 21 -49 90 6 55 93 40 -24 14 -68 26 -4 99 16 74 -14 44 -100 63 -88 67 34 22 27 23 -7 13 -81 62 88 -17 -73 -7 38 98 70 26 -22 -16 73 87 38 28 35 68 83 -44 -53 -74 -89 -2 -82 65 4 -52 -55 -46 -30 -47 12 95 -73 
-30 85 -49 22 54 94 -51 16 -32 64 -41 -85 83 -33 24 25 21 3 6 -30 31 -6 -84 89 31 54 89 82 74 -48 -46 -56 75 38 20 73 7 56 -62 80 -74 -14 18 -15 17 93 -62 -71 -37 -91 -2 95 10 -92 -49 -48 -88 -24 18 87 -37 27 -96 13 -78 -61 72 78 -59 -20 -84 93 33 88 60 -11 -51 49 -73 85 -14 9 71 12 43 72 -16 -56 15 -91 39 -72 27 8 -44 9 44 92 -73 27 
-76 -51 -67 62 -18 -77 68 21 32 -63 35 -34 -15 -32 90 53 70 47 -95 3 -67 -83 -52 79 -83 53 -49 -7 -54 -91 -8 64 51 95 8 93 17 -74 83 -95 57 -87 91 -69 -10 16 -16 4 62 -26 75 39 -10 -77 73 24 73 27 6 75 -28 9 78 86 51 -65 -51 90 41 -3 96 -85 45 0 -10 -39 -33 -63 69 -29 -80 93 -79 99 81 -88 81 -88 92 -5 96 -25 -30 -25 16 17 42 78 37 31 
17 68 36 -68 57 -67 -83 16 -60 74 53 3 90 -67 97 -53 -83 54 29 -96 54 80 -40 95 -21 -20 -10 -8 63 -3 0 0 -87 -65 57 -50 70 25 1 -57 -48 79 30 -58 -16 -86 -76 15 -44 -21 -89 98 -82 59 1 80 86 9 -66 14 27 51 -49 -19 92 97 96 -34 -86 -86 49 22 -65 -23 2 72 -91 -15 39 16 -74 -29 74 63 23 -10 -18 -52 -35 3 99 -39 -96 -15 77 98 -71 77 -93 -42 
-55 -28 16 66 30 -30 -69 -84 -5 -63 -98 -70 -87 63 -36 -41 -80 -65 -29 -24 93 -57 -40 -97 -13 -70 -88 36 15 -12 -80 -69 -89 -16 18 -17 42 34 -18 3 -1 70 47 -93 -91 16 -51 76 11 -79 100 81 -8 -12 -56 39 19 44 -52 34 -39 12 -90 -44 29 45 59 21 -56 -4 -62 -92 -72 90 -99 3 48 -47 51 67 -24 73 57 39 81 93 -86 96 82 -75 59 98 -42 10 0 61 -33 97 -51 -59 
-46 -72 64 44 -92 80 55 -38 -89 -13 18 33 -97 -2 13 23 64 -28 -51 27 98 -17 94 -49 -93 -74 42 -69 -52 82 16 63 60 44 22 2 -48 -91 -13 -85 -25 -92 -9 77 2 -18 45 92 10 93 46 -37 -27 -26 -47 11 -72 49 97 81 -53 66 48 78 33 -48 84 -87 -42 66 -24 -82 -66 -19 65 70 43 95 93 -85 -94 53 99 -96 34 -13 -15 -77 0 97 54 8 53 30 6 12 52 64 -24 -67 
-21 65 70 78 21 23 47 -49 50 -77 -9 -27 -77 -2 -48 0 91 29 77 -81 -59 -16 -16 -53 3 79 96 -5 36 -11 -96 -54 -57 12 23 -55 57 -42 21 11 23 82 -10 -97 -16 -56 99 4 23 22 74 -20 -1 -22 2 14 -45 47 4 -40 86 -45 75 -61 -24 89 -31 -11 -36 28 44 55 -39 15 47 75 52 80 -11 1 12 -43 49 14 16 29 -93 -26 -64 97 -8 -23 0 99 -1 -43 -8 0 74 -81 
88 94 14 31 -50 -25 -100 31 -25 25 100 88 21 57 -47 91 93 -60 -99 -90 4 72 -78 -26 90 80 71 -19 -12 -60 53 -90 -9 -14 -74 35 46 98 -47 97 -6 11 44 75 -32 -87 72 -18 -74 93 43 36 -6 -81 12 0 36 -90 3 33 0 48 79 59 60 -73 88 39 86 -72 -22 -44 4 -58 -29 39 -76 60 70 -29 6 -93 53 -49 -19 -51 21 -14 54 36 -74 -9 -24 70 -11 8 75 -82 -47 -36 
93 65 -40 -43 -25 69 17 22 -43 -10 73 -13 -58 -66 -19 88 76 -55 -98 11 56 64 19 36 -100 -60 -88 -12 -17 15 75 89 -18 38 6 12 26 41 -43 -57 -7 34 75 -94 93 -76 -96 21 -63 -54 39 24 98 40 58 -53 55 76 -98 -51 -11 26 -81 44 87 87 22 35 97 -67 58 -17 -41 40 77 -17 -91 59 68 -36 37 96 94 29 69 41 -91 14 62 41 -88 5 -76 -27 76 62 2 -1 66 69 
31 -45 -60 25 -57 -2 7 60 100 -62 6 -91 30 66 21 83 13 -73 -69 -37 -72 -44 90 -50 -19 -55 15 90 68 -66 -85 -81 97 77 60 43 -89 -79 -45 -94 -49 49 -56 79 88 -4 30 -42 -6 19 84 44 50 -85 73 71 -16 52 13 -20 -65 -88 80 -76 40 79 -32 -69 -30 60 -51 -72 84 74 -95 -67 97 -4 -36 -6 -95 32 2 -67 94 -1 -20 17 -66 9 36 14 -11 44 76 -24 19 -86 -1 29 
18 79 -93 -20 53 80 27 92 100 57 -20 -47 -6 17 -81 -32 -72 -65 55 -58 48 52 -40 -48 -53 -51 -67 -39 -41 89 6 -2 60 -52 95 -29 -42 31 57 18 41 -17 -71 14 -13 -98 -76 15 30 -59 -8 -70 100 74 15 -17 38 -97 -1 -47 -98 45 -36 34 50 -26 26 34 -17 47 24 -22 -36 33 81 -56 -57 -51 78 -68 97 -6 86 -33 -20 -20 53 2 -94 22 98 46 20 -33 -51 -9 -20 35 23 -28 
58 33 -77 82 -42 -59 -5 -6 39 -88 -31 -23 -17 64 -93 77 82 40 69 44 -35 13 -43 -12 -84 67 -42 71 -50 80 -44 -25 29 54 13 -65 -4 -5 -10 100 57 -40 88 -20 87 -33 93 54 -44 -81 -39 -87 -44 -86 -84 -29 -54 -29 77 -55 -10 -72 50 -64 93 71 -96 -58 72 6 -51 40 4 -2 47 21 91 -80 73 75 69 -97 3 -12 32 -45 -47 52 -78 50 -53 -63 44 -9 -23 1 75 -72 -40 -19 
-79 -39 30 -30 12 97 -29 -86 15 66 -47 5 100 14 -48 17 20 66 -66 5 29 -86 83 -95 81 75 -42 -5 95 -12 -62 17 3 -64 -64 -61 47 53 -90 92 -99 73 -73 75 37 -19 -45 8 -65 -64 -81 -25 -76 17 -80 -98 33 -62 -33 8 -89 39 -16 95 -12 72 50 -40 37 14 11 44 21 54 94 -50 -1 89 -22 30 9 72 86 87 4 -10 100 99 -82 44 -100 40 -2 -71 56 82 90 79 72 78 
-5 -31 65 -7 -51 93 52 -39 1 100 -31 -87 19 50 34 -36 -5 23 -32 95 -43 -99 69 52 11 -4 80 -35 26 30 -25 18 -82 -71 -42 -34 -32 100 -91 -61 69 -23 20 -24 14 61 -42 -96 -51 -74 69 -71 83 63 95 62 5 2 -14 23 -59 -16 35 9 0 92 -20 -89 38 98 70 26 -22 -16 73 96 -42 8 -60 83 43 -53 -74 -89 -2 -82 65 4 97 -21 -73 -63 -30 80 62 -6 96 -75 -60 11 
93 75 41 -32 -67 -65 -52 87 81 -74 -97 -55 -96 87 -59 -90 -25 31 -6 -84 89 31 -3 -52 -12 82 58 95 -88 -51 -14 69 -25 58 56 -62 80 27 -94 -89 98 -50 -99 93 -62 -71 -37 -91 -2 95 10 -92 -49 -65 70 71 -16 100 56 -48 30 -36 3 93 72 95 35 33 18 93 33 88 60 -11 -51 49 -73 14 99 -37 22 -54 -58 59 -56 15 -91 39 -72 27 -23 9 44 67 -73 27 -76 -51 -67 62 
-12 39 21 32 79 -34 51 -40 90 53 70 47 -95 3 -67 -83 -52 98 -64 -20 90 -90 -72 -91 -8 64 15 29 8 93 17 -74 83 -90 26 -79 31 -7 -69 -10 6 89 100 85 27 4 -67 9 -20 90 -11 24 73 27 6 75 39 -40 12 8 -56 20 -73 54 85 -8 -69 24 -77 -58 19 -10 -77 46 -95 72 32 35 -79 -69 81 -49 12 -59 46 52 46 -41 -20 6 -58 81 -40 -17 23 -40 58 -98 -61 100 
75 -88 92 -32 84 -41 -85 -64 21 -53 -83 54 29 57 -42 1 94 45 -45 59 4 -31 59 26 -20 98 -88 84 -25 -50 70 25 1 -3 91 -62 100 71 37 83 -16 -98 82 21 15 -82 3 54 -85 -61 73 74 -30 -91 80 -49 95 75 17 62 -64 -1 -89 74 46 98 88 85 -13 -85 83 99 -20 58 -39 87 -100 -84 35 -72 -58 99 90 -28 80 86 -73 -61 -28 -11 -12 -42 -55 -29 27 -1 -81 -63 57 -84 
-5 -63 -98 -70 -87 63 -33 75 -16 86 91 55 64 -50 -100 9 -72 -70 -88 36 15 -12 -71 -49 98 6 39 -57 -69 73 -7 49 3 -1 70 47 -93 -91 16 -51 76 11 -79 100 -79 42 48 -47 38 66 -82 51 65 -16 60 -98 -7 49 40 -98 -47 -20 -18 57 -48 -76 48 84 -11 -64 85 67 10 7 -49 -57 39 81 51 -58 -72 -31 -67 13 98 -42 10 0 61 -33 97 -51 85 -12 33 6 44 -92 80 55 
-38 52 -50 -1 61 -84 88 15 20 -85 64 72 -43 -40 -61 -17 -88 -47 -92 -85 -69 -84 -42 -87 -85 -93 50 17 -25 -62 -72 -82 36 -30 83 -90 -97 -9 35 -98 -18 45 92 10 93 46 -37 88 31 -84 -96 -56 5 55 60 3 27 -17 -6 35 21 -34 -42 66 -24 11 -66 -19 65 70 43 -93 -98 99 -22 31 -13 -15 -77 0 97 54 -19 3 58 -32 26 53 -97 65 -95 -33 71 36 -11 -48 26 48 50 -77 
46 58 63 -29 31 -25 25 -5 88 -69 30 -64 -64 -64 -88 -6 -90 4 72 -77 43 41 46 80 71 -19 48 8 -24 81 54 -63 -12 35 46 39 -8 97 -6 11 44 75 18 -8 32 -23 61 -45 -94 -56 -53 -38 -79 17 8 81 -87 -14 -69 -80 -62 93 53 17 -41 -24 -85 59 -22 -44 4 -58 -47 39 -99 99 -20 -52 15 -39 -67 31 43 -9 52 52 57 59 -2 -74 1 -17 -45 100 -85 78 25 -9 72 68 
-71 40 -100 93 6 -79 -80 -83 78 -32 -34 -19 88 76 -55 -98 11 56 32 19 36 -100 -60 -88 -12 -17 71 36 -63 -67 65 86 63 -22 -12 -20 -4 -85 -22 33 41 -76 -61 -39 35 -59 88 74 19 24 98 40 88 -14 87 27 -23 -75 58 26 -16 -89 74 -40 -46 10 18 21 -67 58 -17 -41 40 77 -17 -91 59 68 -36 94 -40 62 56 27 41 -91 14 62 40 64 42 65 85 75 -91 -69 80 28 9 -7 
-1 7 -90 -23 67 80 -85 27 51 -62 6 -91 30 66 21 57 94 -73 -69 -37 -72 -44 -1 6 -38 92 63 -55 -90 87 -8 20 95 70 -87 -91 74 -20 7 28 -94 -49 49 -10 -81 37 -53 -48 33 -6 19 84 44 -76 -85 73 71 -16 52 13 -20 -65 -88 80 -76 40 79 -32 45 -30 55 95 84 74 -95 -67 97 -4 -36 89 -95 32 48 -7 -85 79 3 -51 9 36 14 -49 53 26 -24 19 -12 -32 -32 70 
79 -93 -20 53 80 31 -31 -93 -87 21 -57 -94 37 -51 40 -32 60 -10 -57 -93 15 -83 -28 -96 2 -93 -50 -38 10 94 16 -37 1 56 9 18 -78 11 34 -46 -80 57 -90 62 -98 -98 -76 -80 12 -57 -70 -11 -50 -67 29 -12 6 -3 -24 -56 51 -70 -55 57 -26 -26 26 34 -17 47 24 -22 -36 60 -90 -65 -57 -51 78 -68 97 -6 86 -22 -33 -20 53 -71 -22 -94 22 98 46 20 -33 48 61 35 35 23 
71 -27 -99 -57 -34 16 23 92 -29 0 34 30 -33 -68 89 -33 82 40 69 44 -35 13 -43 -12 -84 67 27 71 -4 -79 -27 29 54 13 -65 -77 -77 32 31 100 57 87 -24 -10 87 -41 -23 -93 47 48 -19 49 -23 -86 -84 -29 -54 -29 77 -32 -20 -84 -98 -1 16 -56 -39 37 26 42 -99 -51 89 47 -14 100 -44 -47 29 -48 -20 81 -3 -42 74 9 52 52 -78 50 -53 -63 44 -9 -23 1 75 7 -33 27 
-39 30 -46 -84 15 -81 55 -68 52 -39 -47 12 -43 53 -48 17 20 66 -66 5 29 -50 -86 -95 81 75 -42 -5 95 -12 -62 17 1 61 -48 -38 -53 34 -88 73 12 100 94 -23 -43 -94 -28 21 51 -77 78 5 -76 59 -5 -50 -62 -33 8 -89 39 -16 95 -12 72 50 -40 61 -23 -82 44 21 54 94 -50 23 -9 -34 -44 10 86 87 4 -10 100 99 10 -26 51 44 -100 40 -2 -71 56 82 90 79 72 78 
-5 -71 65 47 -51 -76 -42 -4 58 -80 -21 19 50 34 -36 -5 -59 -18 88 -48 -96 69 52 50 -77 33 82 28 39 86 78 -82 -71 -42 -34 -32 -49 -91 -61 69 -23 20 69 55 61 -42 -96 -51 -74 69 93 44 -100 95 62 5 2 -14 -4 -47 -16 35 -81 0 92 -20 -89 -27 -81 8 2 -95 78 7 87 38 28 35 68 83 83 0 82 4 6 -16 70 97 -21 -73 -63 25 80 62 -6 96 -75 -60 11 93 
94 -51 16 -32 64 -52 87 81 -74 -97 -55 -96 87 -59 -90 8 -9 -42 -36 33 54 89 82 74 58 95 -88 38 20 73 7 -32 -74 -48 -22 -74 -14 18 -15 17 -51 31 68 -87 61 59 -81 -2 -28 -53 -65 70 -88 -24 18 -58 -37 27 -96 13 -78 -61 66 78 -59 -20 -84 -69 56 -96 4 -61 -30 93 85 -94 99 -51 -77 72 -16 51 -63 12 -10 62 8 -44 -96 -12 92 -80 -17 -91 -16 9 -18 -77 39 43 
-40 -30 79 -34 -15 -32 90 33 -53 48 -7 10 85 -9 -58 -83 53 -49 -7 -54 -32 -33 20 90 29 -17 20 69 16 77 -90 26 -79 31 -7 97 -58 89 100 85 27 4 -67 9 -20 -77 73 59 -38 -14 -46 25 49 -28 9 78 86 51 -65 -51 90 41 -3 96 -85 45 0 -7 -39 -33 -63 69 -29 -16 93 -79 99 81 51 -49 51 -49 12 -5 96 52 46 -41 -20 6 -58 81 92 31 17 -60 -40 58 -98 -61 
-17 75 -88 92 -32 84 -41 -85 -64 21 -88 -61 -66 -44 57 -42 -81 -40 95 -21 59 -8 63 -3 0 0 -87 84 52 2 48 -91 -13 -3 91 -62 100 -91 -16 -86 -76 15 -44 -21 -89 15 -82 59 1 80 86 9 -66 14 27 84 87 95 75 17 62 -64 -1 -89 74 -65 -23 51 85 -13 -85 83 99 -20 58 -39 87 -100 -84 35 -72 -58 99 90 -28 80 86 -73 -61 -28 -11 77 -93 -12 -29 27 -1 -81 -63 -30 
-69 8 -69 75 76 0 -9 -42 75 -16 86 91 55 64 -50 -100 9 -72 44 -16 46 11 -3 -19 -49 98 -16 18 -17 -51 73 -7 49 34 16 -69 66 25 -60 43 -57 61 23 50 35 -8 -12 -56 39 19 44 -52 34 -16 60 -90 -44 29 45 59 21 -56 -4 -62 -92 -72 48 84 3 -64 85 21 10 7 -49 -57 -91 60 -58 -72 -31 -67 13 62 94 -35 55 40 -29 -64 -53 68 -12 33 6 54 42 -23 -63 -61 
67 -89 -13 18 -84 88 15 20 -85 96 -19 27 98 15 -8 -88 -47 -92 42 -84 96 -42 -87 63 60 -13 22 2 11 -48 -91 -13 -85 -90 -97 77 2 27 -20 -3 13 -27 80 -24 -27 -26 -47 -50 -96 -56 5 55 60 3 27 -17 -6 35 21 -34 -64 86 81 32 -82 -33 32 -97 65 95 -93 -98 -81 50 34 63 -54 -38 -13 -44 -61 8 53 30 6 12 52 64 -24 -67 -33 71 36 -11 -48 26 48 -5 69 -21 
46 58 -25 -92 -39 25 79 -69 30 -64 -64 -64 -6 -84 -96 -77 43 41 46 53 -19 -12 8 53 -90 54 -14 -74 17 41 -78 97 -6 11 75 53 17 18 -87 -72 -18 -74 93 43 36 -6 -81 12 0 36 -90 3 33 0 48 -62 93 53 17 -35 39 86 -72 91 5 97 -2 -29 -89 -76 60 -20 -52 15 -39 -67 31 43 -9 52 52 57 59 -2 -74 1 -17 -45 100 -85 -82 -47 -9 65 -40 -43 -25 69 17 22 
-43 -10 73 -13 -58 -97 68 -16 77 -10 -2 -53 -64 -40 84 42 -23 -67 -66 80 -33 36 -63 -67 65 86 63 -22 -12 -20 -4 -85 -22 75 -94 93 -76 -96 21 -63 -54 19 -86 9 -44 -14 87 27 -23 -75 58 26 -16 -89 74 -40 -46 10 18 -67 86 -46 -17 -27 5 96 5 -69 5 12 94 -40 -11 56 69 11 -12 24 19 41 -88 42 65 85 75 -91 -69 80 -79 66 69 31 -45 -60 25 -57 -2 7 60 100 
-62 -34 -33 28 -13 57 94 89 75 1 -24 87 69 90 -50 -19 -55 -55 -90 87 -8 20 95 77 60 5 74 -20 7 -19 89 81 -56 79 88 -4 30 -42 -95 65 -35 -88 94 -85 -37 13 31 -25 59 64 63 -10 -13 16 92 -97 -5 -95 45 -30 60 -51 -68 64 -18 -41 -28 97 -11 -39 -41 -24 55 48 -7 -85 79 3 -51 9 -84 49 -41 26 44 76 5 88 57 -32 -77 70 -57 -19 -15 -58 -15 -77 27 92 
100 57 -20 -47 -6 17 -81 -32 -72 -65 55 -58 48 52 -40 -48 -53 -51 -67 -39 -41 94 16 -2 60 -52 95 -29 -42 31 57 18 41 -17 -71 14 -13 -76 15 30 -57 -95 -11 -50 -67 29 -12 6 -3 -24 -56 51 -70 -55 57 50 -3 -69 -22 20 24 -14 -54 -14 60 -90 82 -17 -48 57 100 7 -98 -22 98 -58 -58 -71 72 -92 26 -83 93 -47 -51 -9 -20 -15 0 71 -27 33 -77 82 -42 23 92 -29 39 -88 
-31 -23 -17 64 -93 0 57 -2 -17 100 -74 99 7 -19 -3 63 27 -50 80 -44 37 -6 0 -99 -77 75 -10 100 -14 -29 -24 -10 82 -41 -23 -93 47 48 -19 49 -44 44 -68 53 -3 -100 -32 -20 -84 50 -64 93 71 -96 26 42 -99 -86 89 47 -14 100 -44 29 -48 -20 81 -3 -12 32 94 52 -8 -74 36 75 -40 22 39 63 -48 -21 -25 7 -33 27 -79 1 -96 -84 15 -29 -86 -68 52 -39 -57 57 53 14 
49 -17 33 -99 -69 -96 29 -50 -86 53 -62 3 89 96 33 -72 12 83 1 -64 -64 -61 47 34 -88 73 12 94 -73 75 37 -28 -45 8 -65 -64 -81 -25 -49 59 -5 -50 48 -44 2 -31 -71 -24 -68 -89 -20 93 13 28 61 -23 -82 -82 35 -36 -8 -50 -1 89 -34 30 9 72 25 -92 5 56 -55 29 51 44 85 26 71 -60 -100 -11 -89 47 82 38 34 -15 65 47 -51 -76 -42 -4 58 -31 -91 -30 0 -4 
68 24 23 -32 95 -43 -99 61 99 -77 -48 80 28 39 86 18 93 45 -28 21 51 90 6 55 93 40 21 69 -68 26 -4 99 16 74 -14 -71 83 36 -88 67 34 -14 -47 -7 13 99 62 88 -17 -73 -7 -81 8 2 -95 78 7 34 96 -42 8 68 43 83 0 82 4 6 -16 70 -2 -52 -55 -46 86 -47 12 95 -73 -30 85 -49 22 75 41 -32 -67 -65 31 -41 -85 83 -33 24 25 21 3 6 -30 8 
-9 -42 -36 33 -3 82 -12 -48 -46 -56 75 -14 69 -25 -32 -74 -48 27 -94 -89 98 -50 -99 31 68 -87 61 59 -81 -2 -28 -53 -22 -48 -99 71 -16 87 56 -48 30 -36 3 93 72 95 35 33 18 93 -69 56 -96 4 -61 -30 93 -90 14 -14 99 -37 22 -77 -58 59 25 51 -63 12 -10 62 8 -23 9 44 67 -73 -17 -91 -16 9 -18 -77 43 -40 -100 35 51 -40 -30 77 33 -53 48 -7 10 85 -9 -58 
98 -64 -20 90 -90 -32 -33 20 90 51 -17 20 69 16 77 -54 -95 57 -87 91 -91 97 -58 16 -16 4 62 -26 75 39 -10 13 90 59 -38 -14 -46 25 49 -40 12 8 -56 20 -73 54 85 -8 -69 24 45 0 -7 -10 -77 46 -95 72 -16 35 -79 -69 81 51 -49 -92 -59 46 -30 -25 16 17 42 78 37 -40 -17 23 68 36 -68 57 -17 -83 16 -60 74 53 3 90 97 57 -88 -61 -66 -44 54 80 1 94 
-21 -20 -10 -31 59 26 -20 98 -65 57 52 2 48 -91 -57 -48 79 30 -58 71 37 83 -16 -98 82 15 -82 3 54 -85 -61 73 74 -30 -91 80 84 -19 92 97 96 -34 -86 -86 49 46 98 88 2 72 -91 -15 39 16 -74 -29 74 63 23 -10 -18 -52 -35 3 99 -39 -96 -15 77 98 -71 76 -12 78 -12 78 -28 16 66 30 -30 57 -48 8 -69 75 76 0 -9 -42 -36 -41 -80 -55 -29 -24 93 -57 -40 -97 
-13 -16 46 11 -3 -19 -80 -69 6 39 -57 -69 42 34 -18 66 34 16 -69 66 25 -60 43 -57 61 23 50 35 -79 42 48 -47 38 66 -82 51 65 60 -98 -7 49 40 -98 -47 -20 -18 57 -48 90 -99 88 48 -47 21 26 -24 73 57 68 -91 60 93 -86 96 82 -75 62 94 -35 55 40 -29 -64 -53 68 -59 -46 -72 54 42 -23 -63 -61 52 -50 -1 61 -97 -2 13 23 64 -28 -19 -51 -40 -61 -8 94 -49 
-93 -74 -69 15 -52 82 16 -93 -13 17 2 11 -91 36 -30 -25 -92 -9 35 27 -20 -3 13 -27 80 -24 50 88 31 -84 11 -72 49 97 81 -53 66 48 78 33 -48 84 -64 86 81 32 95 -33 32 -97 65 95 -26 -34 -19 -18 -81 50 34 63 -54 -38 -13 -44 -61 -19 3 6 26 53 -97 65 -21 65 70 78 21 23 47 -5 69 -21 -34 -99 -64 -14 0 -10 -76 46 48 -92 -29 90 -53 3 79 -22 49 6 
46 58 -25 -100 31 25 100 -52 21 30 57 -47 91 -39 -60 -99 -84 -96 -77 43 41 46 53 -19 -12 8 53 -90 54 -14 -74 35 46 98 -8 -47 47 9 -64 -34 53 -32 -8 72 -18 -74 93 43 36 -6 -81 12 0 36 -90 3 33 0 48 -62 93 53 17 -35 39 86 -72 91 5 97 -2 -29 -89 -76 60 -20 -52 15 -39 -67 31 43 -9 52 52 57 59 -2 -74 1 -17 -45 100 -85 -82 -47 -36 93 65 -40 
-43 -25 69 17 22 -43 -10 73 -13 -58 -97 68 -16 77 -10 -2 -53 -64 -40 84 42 -23 -67 -66 80 -33 36 -63 -67 65 86 63 -22 -12 -20 -4 -85 -22 75 -94 93 -76 -96 21 -63 -54 39 24 -86 9 -44 -14 87 27 -23 -75 58 26 -16 -89 74 -40 -46 10 18 -67 86 -46 -17 -27 5 96 5 -69 5 12 94 -40 62 56 69 11 -12 24 19 41 -88 42 65 85 75 -91 -69 80 -79 66 69 31 -45 -60 
25 -57 -2 7 60 51 -57 -34 -33 28 -13 21 83 94 89 75 1 -24 87 69 90 -50 -19 -55 -55 -90 87 -8 20 95 77 60 5 74 -20 7 -19 89 81 -56 79 88 -4 30 -42 -95 65 -35 -88 94 -85 -37 13 31 -25 59 64 63 -10 -13 16 92 -97 -5 -95 45 -30 60 -51 -68 64 -18 -41 -28 97 -11 -39 -41 -24 55 48 -7 -85 79 3 -51 9 -84 49 -41 26 44 76 5 88 57 -32 -77 70 -57 
-19 -15 -58 -15 -77 27 92 100 57 -20 -47 -6 -51 -32 -72 -65 55 -58 48 52 -40 -48 -53 -51 -67 -39 -41 89 6 -37 60 -52 95 -29 -42 31 57 18 41 -17 -71 14 -13 -21 -63 -80 12 -57 -95 -11 -50 -67 29 -12 6 -3 -24 -56 51 -70 -55 57 50 -3 -69 -22 20 24 -14 -54 -14 60 -90 82 -17 -48 57 100 7 -98 -22 98 -58 -58 -71 72 -92 26 -83 93 -47 -51 -9 -20 -15 0 71 -27 33 -77 
82 -42 23 92 -29 39 -88 -31 -23 -17 64 -93 0 57 -2 -17 100 -74 99 7 -19 -3 63 27 -50 80 -44 37 -6 0 -99 -77 75 -10 100 -14 -29 -24 -10 82 -41 -23 -93 47 48 -19 49 -44 44 -68 53 -3 -100 -32 -20 -84 50 -64 93 71 -96 -58 72 6 -51 40 4 -2 47 21 -47 29 -20 81 -3 -12 32 94 52 -8 -74 36 75 -40 22 39 63 -48 -21 -25 7 -33 27 -39 30 -46 -84 15 -29 -86 
-68 52 -39 -57 57 53 14 49 -17 33 -99 -69 -96 42 -86 53 -62 3 89 96 33 -72 12 83 1 -64 -64 -61 47 34 -88 73 12 100 -23 -77 -19 -28 8 51 -77 78 5 -25 -49 59 -5 -50 48 -44 2 -31 -71 -24 -68 -89 -20 93 13 28 61 11 -82 35 -36 -8 50 11 23 -9 -34 30 9 72 25 -92 5 56 -55 29 51 44 85 26 71 -60 -100 -11 -89 47 82 38 34 -31 -7 33 -51 -76 -42 -4 
-80 74 -91 -30 0 -4 68 24 23 -32 95 -43 -99 61 99 -77 -48 82 39 86 18 93 45 -28 21 51 90 6 55 93 40 21 69 -68 26 -4 99 16 74 -14 -71 83 36 -88 67 34 22 -4 -47 -7 13 99 62 88 -17 -73 -7 -81 8 2 -95 78 7 34 96 -42 8 68 43 83 0 82 4 6 -16 70 -2 -52 -55 -46 86 -47 12 95 -73 -30 85 -49 22 75 41 -32 -67 -65 31 -41 -85 83 -33 24 
25 21 3 6 -30 8 -9 -42 -36 33 -3 -52 -12 -48 -46 -56 75 -14 69 -25 -32 -74 -48 27 -94 -89 98 -50 -99 31 68 -87 61 59 -81 -2 -28 -53 -22 -48 -99 71 -16 87 56 -48 30 -36 3 93 72 95 35 33 18 93 -69 56 -96 4 -61 -30 93 -90 -94 9 -51 4 -54 -58 59 25 51 -63 12 -10 62 8 -23 9 44 67 -73 -17 -91 -16 9 -18 -77 43 -5 32 -69 35 51 -40 -30 77 33 -53 
48 -7 10 85 -9 -58 98 -64 -20 90 -90 -32 -33 20 90 51 -17 20 69 16 77 -54 -95 57 -87 91 -91 97 -58 16 -16 4 62 -26 75 39 -10 13 90 59 -38 -14 -46 25 49 -40 12 8 -56 20 -73 54 85 -8 -69 24 -77 -58 19 -10 -77 46 -95 72 -16 35 -79 -69 81 51 -49 -92 -59 46 -30 -25 16 17 42 78 37 -40 -17 23 68 36 -68 57 -17 -83 16 -60 74 53 3 90 97 57 -88 -61 
-66 -44 54 80 1 94 45 -45 -10 -31 59 26 -20 98 -65 57 52 2 48 -91 -57 -48 79 30 -58 71 37 83 -16 -98 82 21 98 -82 54 -85 -61 73 74 -30 -91 80 84 -19 92 97 96 -34 -86 -86 49 46 98 88 2 72 -91 -15 39 16 -74 -29 74 63 23 -10 -18 -52 -35 3 99 -39 -96 -15 77 98 -71 76 -12 78 -12 78 -28 16 66 30 -30 57 -48 8 -69 75 76 0 -9 -42 -36 -41 -80 -55 
55 -24 93 -57 -40 -97 -13 -16 46 11 -3 -19 -80 -69 6 39 -57 -69 42 34 -18 66 34 16 -69 66 25 -60 43 -57 61 23 50 35 -79 42 48 -47 38 66 -82 51 65 -16 60 -98 -7 49 40 -98 -47 -20 -18 57 -48 90 -99 88 48 -47 21 26 -24 73 57 68 -91 60 93 -86 96 82 -75 62 94 -35 55 40 -29 -64 -53 68 -59 -46 -72 54 42 -23 -63 -61 52 -50 -1 61 -97 -2 13 -85 96 72 
-51 36 98 15 -8 94 -49 -93 -74 -69 15 -52 82 16 -93 -13 44 22 -25 -62 -48 -82 36 -30 -25 -92 -97 77 35 27 -20 -3 13 -27 80 -24 50 88 31 -84 11 -72 49 97 81 -53 66 48 78 33 -48 84 -64 86 81 32 95 -33 32 -97 65 -93 -26 20 -22 12 53 99 50 34 63 -54 -38 -13 -44 -61 -26 -19 3 6 26 53 -97 65 -21 65 70 78 21 23 47 -5 69 -21 -34 -99 -64 -14 0 -10 
