50
96 94 94 82 -24 46 4 -12 -46 85 15 0 -81 59 41 45 60 -84 73 -63 60 55 42 97 16 51 -53 27 72 -59 -15 -42 7 50 -37 -85 5 88 37 -48 -43 6 -11 -99 82 -64 -97 -5 -44 -72 
-37 30 -17 -54 -76 -36 59 -59 -19 55 -79 87 78 -38 -1 77 -36 -73 -15 92 -73 -42 16 -67 -44 81 71 -16 62 76 -61 -31 -61 72 -72 31 13 -96 62 91 32 -72 -61 73 -32 -34 55 -5 -46 -49 
59 90 73 67 -98 39 23 30 77 -54 -38 -20 18 -63 -43 -70 -92 52 1 -19 35 -90 -55 -49 22 -86 1 71 -15 -67 69 74 -100 76 50 -100 40 21 -15 84 86 -32 88 56 85 48 -72 -67 -78 65 
76 57 92 -61 18 93 -68 -5 -64 -53 90 44 -52 67 39 87 46 76 99 6 -63 35 -95 65 -19 1 -12 70 87 -92 -40 84 99 -28 -44 55 -27 26 22 -48 -67 50 56 -64 42 -65 0 45 92 85 
45 -95 26 83 93 -94 48 55 83 -7 26 -7 57 34 92 -50 -9 52 24 -68 34 -38 -10 -25 -78 -49 39 91 6 -21 96 23 -69 -95 -42 -93 -55 -61 86 88 16 97 61 34 93 -80 -91 -12 99 -5 
19 15 -33 -3 -55 -45 44 -66 -43 6 -95 36 -82 55 24 -36 82 -57 59 55 29 -52 -23 60 54 69 -87 46 -95 39 -87 -36 13 52 70 -41 -8 -88 73 -21 -70 19 -84 21 41 72 10 41 49 -47 
-18 -12 39 -93 83 -97 -1 -3 -14 86 94 -99 -77 -61 -20 56 -97 -93 35 42 -41 -2 -42 53 53 -35 30 94 91 77 49 -15 -9 98 -63 85 -60 -72 3 35 30 34 -67 71 -36 -18 25 -39 85 46 
-69 65 -41 -3 62 46 4 -12 5 53 15 0 62 33 -77 45 60 -84 73 -63 60 55 -32 77 -97 -22 11 86 -10 -15 93 -87 -97 -37 -85 5 88 37 -48 -43 6 -11 -99 26 -64 -97 -5 -44 -72 -37 
30 -17 -54 -76 -36 59 -59 -45 -79 -97 79 -64 88 -32 70 31 77 -15 -79 72 97 49 39 83 -51 99 -15 -97 -71 41 -61 72 -72 31 13 -96 28 -84 -79 -37 -20 28 32 38 4 11 -69 100 -49 23 
-98 39 23 30 77 -13 -19 60 -44 -6 83 -28 43 62 -91 6 -1 -3 87 38 57 79 -91 55 22 -38 -10 -100 76 50 -100 40 21 -15 84 86 -32 -70 -55 -68 12 28 -11 -38 -34 58 -84 -32 -80 -18 
27 -48 -16 62 1 36 2 -57 38 67 -4 -15 -58 48 100 54 38 90 95 -47 -73 78 -23 1 -1 -7 -85 91 8 -29 80 -5 58 -9 60 53 73 24 31 -98 -8 16 -5 -38 -74 43 4 -36 10 -46 
-41 -49 -82 -70 36 85 -52 -58 -26 -95 -55 17 -51 89 71 -42 76 -38 92 43 -61 16 -99 55 40 39 -86 25 40 -61 -66 23 59 36 40 -69 -72 10 -68 29 -94 12 44 -77 56 -85 -5 -84 35 65 
95 -76 -39 33 -75 -1 -80 0 -97 93 31 61 53 -59 97 43 46 -66 -43 44 23 -71 -81 -25 5 -84 37 -18 34 51 14 -8 -9 85 50 67 13 36 26 -9 47 24 87 -61 -83 -88 93 47 52 -90 
42 -42 -51 4 -59 -74 -23 23 63 -61 -66 75 93 -90 68 85 73 -69 25 -66 4 -74 -95 -71 -79 77 -80 90 32 68 -9 -82 46 -96 -25 -29 -31 44 -2 -33 77 -63 -85 -9 64 -100 4 77 -13 73 
83 94 -56 -41 -3 62 -18 4 -67 5 53 15 79 -81 59 -77 2 1 48 -44 56 27 -13 97 16 51 -53 27 72 -60 43 -42 7 37 -97 23 -4 10 -51 60 -73 45 83 26 -32 -9 99 74 7 -67 
38 78 -9 -26 22 7 98 -19 55 -79 87 47 -38 -32 70 31 35 -15 -79 72 97 49 39 83 -51 99 -15 -97 -71 41 64 -21 -18 96 36 -15 34 91 32 -72 -61 73 -32 38 4 -46 -49 59 90 73 
67 19 -91 -8 73 -77 -13 -19 60 -44 -6 83 -28 43 62 -91 6 -1 -3 87 38 -86 1 71 -15 -67 69 74 -85 67 -63 34 -22 34 99 -47 -41 -71 56 85 86 29 -11 -38 -34 58 93 -32 40 -54 
27 -48 -16 62 1 -63 1 -3 -26 63 -4 -15 48 100 54 38 90 95 32 78 -9 70 -92 80 92 72 53 -29 80 -5 96 -9 60 53 73 24 31 -50 -97 16 -27 7 23 -17 -36 13 -46 -41 -49 93 
-55 85 -52 -58 93 -57 -13 -87 89 71 -42 76 -38 92 -61 16 -79 -80 -39 58 50 -12 40 92 -40 -4 -77 -74 -94 -57 -11 4 69 43 19 -94 44 -77 56 -85 -5 -84 35 65 95 52 -39 33 -75 -1 
-80 -83 -52 -64 -78 -99 61 5 -66 46 -66 73 -61 18 -71 20 -26 75 54 47 -18 34 51 -89 4 -9 85 66 -47 13 -82 -81 -10 24 -23 -23 87 23 63 11 75 -64 86 68 85 -69 25 -66 -61 -34 
-61 -83 -64 86 47 52 85 -90 42 -42 -51 -34 -74 -95 -71 -79 67 -31 -80 90 32 68 -9 -79 19 -86 11 34 -62 -31 44 -2 -90 90 12 -88 -9 64 -100 4 77 -13 73 18 -60 -36 2 -39 -83 -37 
92 -46 -47 50 76 57 92 -61 89 -99 21 -64 9 -70 -40 100 -23 -54 -16 21 58 -79 31 -78 82 -97 -59 -91 -96 -5 55 66 -71 13 93 -72 -29 -28 -51 57 14 -76 -79 22 97 56 -64 42 -100 55 
48 -25 -79 22 -84 -83 -86 23 47 -96 -23 38 -70 2 85 19 -32 34 52 -50 5 -21 -81 -85 -38 -10 -80 -28 -49 95 -99 -16 -18 -19 -23 -6 24 -7 71 -55 -61 86 88 16 -36 48 -33 30 -24 -91 
-12 99 -5 2 48 55 93 -55 31 44 -66 -43 71 100 -30 31 -1 -88 -95 42 82 -75 7 -40 47 -23 -65 -2 46 93 15 -34 16 31 75 24 -46 -49 29 51 72 -16 21 -70 64 -75 -97 -6 21 80 
-29 -74 -53 91 -12 39 85 -24 18 77 -1 -3 -14 86 8 -45 -48 77 -71 -23 -93 -84 -71 62 47 51 -91 -17 -35 30 94 91 77 49 -15 -9 -25 49 -78 66 -35 -50 68 35 73 25 -86 16 16 8 
98 -32 97 -30 28 35 -29 -21 48 -17 38 -80 -25 -34 -4 13 88 33 42 46 75 -72 47 -29 20 -12 -52 58 20 -1 -25 -95 45 -56 91 16 27 -32 -16 -4 22 92 -75 -85 -93 42 37 -18 -30 57 
-69 94 82 -24 -13 -18 21 -13 -26 63 -82 79 -81 59 -42 2 -84 -44 56 27 -13 -32 77 -97 -22 11 86 -10 -60 93 -87 -97 37 -97 23 -4 10 -51 60 -73 45 83 74 -32 -9 99 74 7 -67 38 
78 -9 -26 22 7 98 -59 -45 41 -97 78 -64 88 77 -36 -73 35 -15 -73 97 16 -67 -44 -51 -15 76 -61 64 -21 -18 96 36 -15 34 28 -84 -79 -37 -20 28 32 55 -31 11 -69 100 -49 23 -21 19 
-91 -8 73 -77 -38 -20 18 -63 -43 -70 -92 52 1 -19 35 -90 -55 -32 38 57 79 -91 55 22 -38 -10 100 -85 67 -63 34 -22 34 99 -47 -41 -71 -70 -55 -68 12 28 -91 -71 32 93 81 -67 -80 -18 
1 -38 62 -48 65 36 2 -57 38 67 -4 -15 83 -48 49 67 24 -65 -47 -73 57 -23 1 -1 -7 -85 91 8 -29 -21 62 -56 58 96 -95 62 -80 49 -17 -98 -8 16 -5 -38 7 23 -17 -34 26 10 
57 -78 -9 -70 -28 38 66 -86 93 -57 56 17 -51 80 -11 -48 76 -38 99 10 -61 16 -99 55 40 39 -86 -12 25 98 -61 -66 -4 -77 -74 -94 -57 -11 4 69 43 19 -94 12 11 -45 77 65 -51 -50 
-74 89 52 -53 -28 -35 43 0 -97 -52 26 -78 -99 -36 -66 43 46 -66 73 -61 44 23 -71 20 -26 -25 5 -84 37 -36 -52 51 14 -8 -9 -96 -50 -91 -9 -44 -82 -81 -10 24 23 -23 63 11 -83 -88 
24 87 -61 11 -88 86 68 52 85 -90 42 -42 -61 -59 -28 -38 25 67 -36 90 32 68 -9 -79 19 -96 44 -48 -93 -33 34 30 75 -87 -94 -95 -76 64 63 -17 -4 -56 -81 4 100 -65 -39 74 48 -72 
-67 -78 65 32 -95 86 85 18 93 -68 -5 -33 -53 90 44 -52 67 -16 21 58 -79 6 -63 -97 -59 -91 -19 1 -12 70 87 -92 -40 -72 -29 -44 55 -27 26 22 -48 -67 50 93 46 -100 55 0 45 92 
85 45 -95 26 83 93 -94 48 38 -70 2 85 19 -32 92 -50 -9 52 24 -68 34 57 -80 -28 -78 95 39 91 6 -21 96 23 -69 -95 -42 -93 -65 -28 -93 67 -36 48 -33 30 -24 -35 -35 -73 37 2 
48 -33 -3 31 44 -77 71 100 -30 31 -1 -88 -95 42 -57 59 55 29 -52 -65 -2 46 93 15 -34 39 -87 -36 13 52 70 -41 -8 -88 73 -21 -70 19 -84 -6 21 80 -29 -74 -53 91 -18 51 85 -24 
18 77 -26 -92 -16 94 -99 -77 -61 -20 56 -97 -84 -71 62 47 51 -91 -17 53 -88 -79 49 48 -44 80 -99 -25 49 -78 66 -35 -50 68 30 34 -67 71 -36 -18 25 -39 -32 97 -30 28 35 -29 -21 48 
3 -10 98 -7 -12 -69 13 88 33 42 -23 -72 47 -11 -90 9 -83 1 97 83 35 -35 39 100 -52 82 27 22 -10 53 -56 -30 -75 -85 -93 42 37 -18 -30 32 -91 -19 -2 0 -16 -80 28 69 -4 23 
-69 -56 -41 -3 62 46 4 -12 5 53 15 0 62 33 -77 45 60 -84 73 -63 60 55 -32 77 -97 -22 11 86 -10 -15 93 -87 -97 -37 -85 5 88 37 -48 -43 6 -11 -99 26 -64 -97 -5 -44 -72 -37 
30 -17 -54 -76 -36 59 -59 -45 -79 -97 79 -64 88 -32 70 31 77 -15 -79 72 97 49 39 83 -51 99 -15 -97 -71 41 -61 72 -72 31 13 -96 28 -84 -79 -37 -20 28 32 38 4 11 -69 100 -49 23 
-98 39 23 30 77 -13 -19 60 -44 -6 83 -28 43 62 -91 6 -1 -3 87 38 57 79 -91 55 22 -38 -10 -100 76 50 -100 40 21 -15 84 86 -32 -70 -55 -68 12 28 -11 -38 -34 58 -84 -32 -80 -18 
27 -48 -16 62 1 36 2 -57 38 67 -4 -15 -58 48 100 54 38 90 95 -47 -73 78 -23 1 -1 -7 -85 91 8 -29 80 -5 58 -9 60 53 73 24 31 -98 -8 16 -5 -38 -74 43 4 -36 10 57 
-78 -9 -85 -100 85 -52 -58 -26 -95 -55 17 -51 89 71 -42 76 -25 99 10 -61 16 -99 55 40 39 -86 25 40 -61 -66 23 59 36 40 -69 -72 10 -68 29 -94 12 44 -77 56 -85 -5 -84 35 65 89 
52 -39 33 -75 -1 -80 0 -97 93 31 61 53 -59 97 43 46 -66 -51 -43 44 23 -71 -81 -25 5 -84 37 -18 34 51 14 -8 -9 -96 -50 -91 -9 -44 26 -9 47 24 87 -61 -83 -88 93 -90 52 73 
96 94 94 82 -24 46 4 -12 -13 -26 63 -82 62 33 41 45 60 -84 73 -63 60 55 42 97 16 51 -53 27 72 -59 -15 -42 7 50 -37 -85 5 88 37 -48 -43 6 -11 -99 82 -64 -97 -5 -44 -72 
-37 30 -17 -54 -76 -36 59 -59 -19 55 -79 87 78 -38 -1 77 -36 -73 -15 92 -73 -42 16 -67 -44 81 71 -16 62 76 -61 -31 -61 72 -72 31 13 -96 62 91 32 -72 -61 73 -32 -34 55 -5 -46 -49 
59 90 73 67 -98 39 23 30 77 -54 -38 -20 18 -63 -43 -70 -92 52 1 -19 35 -90 -55 -32 22 -86 1 71 -15 -67 69 74 -100 76 50 -100 40 21 -15 84 86 -32 88 56 85 86 29 28 -91 -71 
32 58 81 -32 40 -54 22 1 -38 62 62 1 -63 1 -3 -26 63 -71 75 -58 83 -48 100 54 67 24 -65 95 32 -73 -9 70 -92 80 92 72 53 -81 -21 80 62 96 52 96 60 53 73 -80 49 -50 
-97 -23 -55 -27 39 -74 43 4 -36 26 10 -46 -41 -49 93 -70 -55 85 -52 66 -86 -95 -55 -13 -87 57 80 -11 49 -25 -38 92 43 -32 -79 -80 55 58 50 0 96 -16 92 -61 -66 23 59 36 40 -69 
-72 10 69 43 19 14 14 11 -45 77 -85 -51 -50 35 65 -35 -76 -53 -28 -35 43 -80 -83 -52 -64 31 61 53 -59 5 -66 -9 12 -51 73 -61 18 -98 -21 -81 -29 75 54 47 -74 -36 -52 -89 -13 4 
