40
99 51 50 -48 -98 -58 15 -68 71 74 -4 -84 30 23 90 -29 -4 -11 30 -17 -46 16 -74 -85 51 97 40 -72 -86 -61 -47 70 -35 99 -29 90 -36 8 -35 79 
-29 -39 76 -92 56 -70 71 62 -13 -11 -66 -74 -88 93 7 -30 37 -5 41 20 -59 -43 45 -74 -23 -76 24 99 24 -48 -66 -15 6 18 -41 13 -88 45 52 69 
-76 68 8 -99 -63 89 -76 -14 19 15 78 100 25 72 49 -73 97 -6 62 -69 84 -57 -2 100 45 -82 92 -37 30 -34 95 -12 -83 -25 5 26 8 23 -9 4 
41 -82 -19 88 63 -97 9 64 14 50 -85 -29 76 -62 -10 100 24 -62 54 -98 18 -29 -30 45 56 -3 36 16 100 29 91 50 -34 37 85 63 -79 100 -78 49 
36 -4 12 30 18 73 60 -69 62 -58 -5 86 53 67 -87 -74 -3 44 76 -94 50 -75 86 87 -39 69 12 -4 65 -92 -79 -13 -46 -2 -22 -89 11 20 31 -9 
91 38 53 -93 -42 2 -65 -65 -23 -67 -47 27 10 17 -42 -70 -12 -47 -48 27 62 19 8 -17 -52 47 -80 -74 31 -5 49 -94 -3 -65 -40 10 22 59 88 -87 
-36 -91 60 -46 7 66 86 88 71 -76 -63 -43 -71 47 66 -99 -38 13 -24 22 -35 22 -10 -54 38 -54 -68 14 -34 -98 89 65 52 96 98 93 58 -42 38 -18 
67 66 -75 11 -66 -1 85 -14 100 17 70 17 7 39 -13 -99 -8 66 -82 90 -92 65 -66 -63 -86 -54 -18 -23 93 -57 2 -94 9 38 -26 62 44 -30 81 34 
8 -66 -61 -53 -60 86 97 -71 -49 -98 -34 -11 -42 86 -68 -19 45 63 -68 82 -31 48 -81 -63 -84 69 44 -21 -57 78 18 -28 -40 -31 -69 33 -45 -85 -98 89 
-86 -78 -73 60 51 80 0 21 -54 -83 -69 -5 8 -57 -71 -68 63 25 -78 36 -40 75 14 87 43 -1 56 20 -63 -21 -70 93 54 44 76 10 -64 22 34 -14 
13 25 68 -10 93 -92 -83 96 -82 -12 68 17 -73 -17 -85 36 87 -15 -14 -5 -52 52 7 37 -13 -41 -62 40 67 21 63 -15 42 -92 -56 18 -88 16 -59 -37 
-67 81 5 79 50 50 70 71 -62 -30 -98 37 -90 -31 -17 42 -9 17 -51 43 -44 -39 -94 70 -12 -65 97 -15 76 -68 -25 25 11 -35 -57 -69 -21 61 56 85 
73 79 -14 5 -31 57 -92 -52 93 -80 40 34 70 91 -59 85 63 82 -70 -75 -98 38 -33 93 -90 -19 89 93 -23 -11 -75 -12 -69 -98 -32 42 -43 -39 59 -85 
14 19 -12 92 -24 -3 31 -44 22 -78 87 4 -99 -38 -47 35 -75 68 5 -89 14 22 88 36 -61 56 -7 67 36 26 -3 23 11 -86 -32 40 -89 91 -47 12 
59 63 57 33 -4 94 41 96 -6 -4 -70 20 59 22 -48 -14 -87 -41 -49 -6 -48 5 -38 98 -46 43 -54 48 -100 49 30 73 -66 -7 50 25 86 24 87 91 
12 70 -67 -4 -1 -75 13 60 -34 8 15 -2 -27 -63 67 62 32 -81 12 -11 -14 -69 -52 -2 33 -18 91 -51 53 -97 20 73 2 74 -32 -78 23 39 -93 -94 
37 69 -88 85 99 -54 8 -84 -38 -74 -44 72 42 -27 -73 -89 -38 15 -5 93 -14 -53 -58 -47 84 -6 56 -83 100 -19 -57 -13 -92 78 -5 34 -22 -21 -81 -34 
-26 -60 -18 66 28 14 -3 55 70 27 -46 -22 99 -42 41 18 -24 100 32 98 90 -10 36 56 51 -66 37 78 14 87 -66 82 -85 -92 17 -50 96 -60 -65 -75 
97 -72 13 48 9 12 -95 -89 -27 -43 -49 -58 -84 -61 -10 -5 2 -96 -83 82 -11 -76 -45 14 100 -95 89 -98 14 20 81 73 -66 -44 -95 -14 -51 48 -20 80 
53 22 58 0 -52 50 19 -79 88 33 -20 -68 -92 37 -60 -87 35 -91 -55 12 10 -94 48 -48 43 -32 -25 3 -25 21 34 11 -15 -66 74 17 -81 68 -33 91 
-25 84 -61 95 68 -95 10 -71 -20 78 -85 32 71 -94 -45 3 -18 33 -69 13 -67 -43 -83 13 -49 -15 -53 53 -60 83 -7 -52 54 13 42 -87 69 -36 30 1 
-17 45 14 -10 -32 45 19 -71 79 89 24 -94 33 76 11 -4 -53 -29 79 64 -40 65 -38 -68 -88 -6 -65 -97 -1 -5 42 60 -75 93 25 8 -49 69 -88 67 
23 53 56 -58 -59 46 -90 85 52 -11 -41 -38 -18 84 -27 -10 30 85 20 -33 -37 -59 -21 32 7 22 -53 -72 -26 68 63 -23 27 -44 74 -94 -94 93 -13 -62 
44 -67 15 -78 -96 -19 50 31 75 -9 -57 76 64 -12 -15 -57 -8 90 -13 31 0 -66 -92 34 6 50 -35 -28 -62 9 64 -12 86 47 -31 58 -90 77 83 -4 
91 60 -38 46 -17 -3 -60 -77 98 56 88 50 -93 65 6 -55 -78 25 -25 65 21 50 15 -73 75 49 -4 -9 86 -86 -44 41 32 88 56 -55 21 65 91 98 
-49 -84 -44 60 -77 -65 -37 45 57 -55 -12 -27 -82 -6 -74 8 -39 -14 -84 -95 83 -49 -89 -69 3 -33 -38 -38 -37 -33 52 -76 -17 -2 -66 93 -81 -96 -85 25 
-51 -67 -70 -62 85 -93 42 -9 -97 -82 36 -11 -14 26 49 19 -68 71 43 59 33 80 80 68 -85 -23 -97 43 10 -7 47 27 24 29 98 47 29 54 55 -58 
16 41 31 -63 72 -35 -25 15 67 -78 -91 61 86 22 -80 48 -26 -8 -71 29 -3 -84 -38 77 60 40 -25 -67 -26 -31 -91 -83 61 16 -14 -100 0 4 -64 63 
60 -40 -44 58 6 -72 18 -52 27 -47 -14 -84 84 -54 0 -63 67 91 -100 -12 -14 -63 99 80 71 58 17 22 -7 87 -12 60 -71 92 -70 -34 -59 -73 -66 -62 
32 10 85 84 66 97 -36 -30 -15 89 46 -63 -100 83 95 -100 92 -83 40 -24 -25 9 -10 -40 72 -96 -48 95 -93 -60 64 -2 -83 -50 -37 29 -29 73 -89 -35 
47 -89 -26 -44 45 83 94 -82 -44 85 -80 64 20 26 21 74 -97 24 2 -16 88 54 0 67 18 -54 20 -87 55 4 12 46 -74 46 58 -9 37 -15 -42 31 
-18 -46 6 -70 -74 52 45 -87 63 -78 -87 -18 -43 32 83 -94 12 -92 75 39 -27 69 45 -17 -21 -78 64 26 -76 -12 70 75 -28 -49 -11 -47 57 99 -64 30 
-17 59 54 95 19 21 -6 18 62 91 66 87 -40 29 -52 95 63 26 -92 -49 -15 -10 58 -23 -59 -41 -44 -39 17 70 -1 90 -96 54 -53 -12 -85 25 39 -19 
44 23 -83 -85 -2 88 -51 69 28 -25 -43 99 79 71 64 18 82 -23 -15 12 -24 -64 -54 -30 -69 -95 2 -32 61 67 85 21 12 97 17 57 -32 -72 -16 -21 
-56 74 3 -3 -56 -34 10 2 16 -84 4 56 -16 88 14 97 -59 61 -26 -87 93 97 -31 63 -19 -26 -86 71 -78 3 8 0 -94 32 21 21 -36 52 -41 -39 
-56 -66 -95 53 70 42 -16 35 75 3 30 -75 -48 27 -49 29 11 -22 60 35 79 55 -5 -10 -86 -77 10 -12 -89 91 -50 12 -87 38 92 94 4 94 9 -72 
39 32 74 -21 98 -22 25 64 -5 27 37 -16 -87 -76 25 -19 81 70 51 56 -53 10 94 22 21 -33 56 -86 70 97 67 -2 27 31 -69 -65 -54 -85 -39 46 
-43 17 54 -63 -59 -19 -65 39 -91 2 -93 26 -93 -16 88 94 -15 -8 81 33 -18 -92 83 -83 -73 -46 -52 76 66 79 -5 -6 2 -62 -55 -4 -48 75 58 -16 
-73 81 -35 15 18 -34 22 39 -100 48 91 6 68 73 86 -27 -92 37 15 41 70 42 70 3 77 49 47 37 76 -4 -5 -2 38 55 40 88 16 -34 6 89 
-6 -43 64 56 -59 -88 46 4 -32 1 -14 57 -64 63 -61 -25 -49 -89 -4 36 43 4 18 100 -99 -27 -65 14 -1 -11 66 -52 -29 -88 -7 5 -65 66 -46 87 
