70
22 32 -72 24 81 56 17 82 -21 82 -33 -14 -31 -77 -77 70 -86 -91 -18 -60 -53 11 73 -57 -8 -84 -14 97 -70 68 74 34 94 54 92 -75 78 -95 69 26 -22 79 65 -70 45 -95 6 93 -88 -9 92 16 -75 -10 -51 -58 -32 41 17 -6 52 -13 -25 -26 45 23 -34 -100 33 -15 
51 8 87 -41 62 42 55 21 35 53 -41 -42 72 52 1 -58 1 37 77 -15 19 58 -21 -13 41 16 37 -45 -30 -35 -46 -53 46 35 -12 19 96 63 78 -49 -44 1 -90 -26 30 8 6 74 77 -57 85 -99 -16 -69 79 -19 -85 71 99 63 7 -6 87 58 19 67 -44 57 -92 28 
44 22 -21 78 -66 -27 -58 30 -67 -10 -32 -57 54 18 -78 -81 33 16 -1 -21 -76 52 5 20 47 -67 -14 77 22 56 27 51 82 -53 -52 20 63 46 -48 50 -52 -74 -49 -81 -22 -97 -28 96 71 -84 39 -48 -14 -7 92 -34 99 45 27 -49 -58 20 40 10 -56 -4 77 -31 -69 66 
92 66 -65 69 -31 34 -3 25 -38 81 -33 100 89 83 -26 -97 94 80 59 -65 68 -88 -5 90 48 -37 4 -25 -77 2 55 37 5 -15 -86 62 -57 -46 100 -63 -70 42 42 41 49 -9 -25 9 63 49 21 -2 -96 99 -79 6 -46 36 -68 -85 -8 98 37 28 -64 12 6 50 21 -58 
-33 -88 75 -45 -34 2 75 -72 97 -40 -90 -92 60 -47 -88 -4 10 -30 -46 -95 76 -27 58 -23 1 -90 -78 55 70 -86 -27 -33 -92 79 72 19 -35 -66 75 61 -92 -78 89 15 83 94 -1 -83 22 -62 -4 -31 -25 46 -91 0 64 -82 64 2 -95 5 -23 21 42 -98 78 77 81 -16 
-50 45 20 0 84 -35 -12 -26 -23 13 -96 -49 -33 5 65 65 83 -69 71 80 7 92 -33 -56 65 30 -71 94 31 24 -16 73 31 -90 -44 -75 -54 -96 89 50 76 -19 -1 96 40 95 90 -30 14 -26 48 38 74 66 -74 42 -86 -13 -70 61 -85 37 47 78 2 -99 71 98 -35 -11 
28 97 -19 -98 49 71 -70 -55 -39 -36 59 -47 23 -30 10 92 -52 -66 15 -51 -44 85 -62 -55 5 51 -39 1 57 -69 -85 62 85 26 -71 -44 67 -88 -10 -18 -67 37 -7 -21 28 -57 -22 67 64 -3 76 74 -68 22 95 -31 -74 12 15 -59 26 15 -65 34 95 -77 -86 -21 32 4 
63 95 -56 3 67 -7 -37 -8 -19 -55 -47 94 -34 80 49 -57 0 -11 51 52 -75 -6 85 -31 -33 27 60 -69 -70 -40 15 59 14 23 76 -16 -6 -62 -9 -7 -3 -38 48 -38 -60 13 -12 -41 91 -100 -26 74 17 84 -91 -23 -53 80 72 -81 -42 -44 68 75 -54 -42 -45 -96 -44 25 
-82 72 8 10 8 -40 48 -38 24 -41 -74 -34 14 57 99 58 -68 -24 98 -56 78 -27 -84 -61 100 -13 -61 43 68 33 -24 -49 55 47 -73 -28 -54 4 -72 -30 56 73 -23 -4 32 -63 -93 -9 37 -86 48 -48 66 38 6 16 63 -95 49 7 -47 -46 -33 62 93 -74 97 -27 23 -35 
-77 -34 16 -6 82 -73 82 43 52 -84 71 32 -5 -53 -8 -96 48 37 57 81 -74 2 77 -91 69 61 -87 66 79 7 63 -60 -68 96 -96 -81 79 -80 70 8 -71 77 73 57 -16 63 -73 -43 -100 19 71 -97 -88 -85 -81 73 -5 -1 -98 96 -97 68 90 -5 -1 49 -55 -19 -9 68 
-81 -83 -44 -86 50 45 93 16 -28 -10 36 -96 97 29 -83 -3 -79 -5 46 -99 -57 96 21 -6 -10 24 11 26 -52 -88 -28 -14 5 55 26 -45 52 -87 -99 40 36 -29 -14 84 -98 -4 99 -75 84 -9 -65 19 -18 45 47 -51 -15 -83 37 3 -48 25 -22 5 100 -3 -51 -90 45 -16 
-26 84 -46 82 -30 -17 -45 15 -41 -52 -29 -62 51 -95 -73 -49 43 -57 9 53 -12 18 -69 67 24 -8 -97 43 -19 -75 54 -52 48 50 44 61 12 79 89 37 45 -32 48 54 35 100 100 83 61 -92 -62 29 -18 -30 -71 15 72 48 89 -74 -69 -92 38 -90 -98 -33 45 -98 -99 84 
36 -95 64 17 61 77 -64 42 76 12 -24 37 -60 87 81 -94 92 -60 100 -27 67 92 -15 -16 9 -100 37 -51 -51 -86 -28 45 -41 -100 -52 -47 47 -85 -99 -74 39 67 37 -98 -91 -51 61 35 45 47 27 70 -14 -35 -81 -41 -49 -79 -27 -84 36 88 67 0 -42 -7 -30 68 27 72 
78 -100 -16 71 -3 -88 -38 42 31 -55 94 48 99 -45 7 37 -2 47 27 51 -39 8 18 -33 -86 -74 74 -30 -68 67 -63 39 5 20 -84 -11 92 89 -93 36 -24 -51 -95 -16 57 -2 -51 80 -92 73 -28 54 -46 82 -26 65 -51 -93 -31 95 33 62 -1 -84 92 93 -100 -73 -42 26 
59 59 -33 -99 62 -29 -25 64 73 17 -84 90 94 -15 -43 -1 18 -2 -5 81 -76 32 -94 21 68 -71 -21 31 -80 -84 28 -86 19 -98 74 26 -55 -38 12 -26 -80 68 -60 -37 99 -54 48 79 -49 -30 -92 -92 8 -17 -73 -62 -31 -3 -50 98 41 -62 -85 -64 25 5 -23 -45 -47 -66 
54 10 -2 -56 -99 -7 2 70 -74 82 -53 -48 -64 -43 11 -77 -24 93 51 18 -87 29 -7 -19 4 -15 -92 -90 37 -95 -81 -64 68 32 22 -92 99 2 99 68 44 -95 5 85 5 -26 92 13 -26 62 60 -36 72 88 23 81 7 98 -94 -97 96 -65 62 73 22 1 -86 1 75 25 
-99 91 92 -21 14 0 -87 -34 -23 -16 95 2 86 -87 -22 4 -3 -43 -85 86 40 -39 -2 -80 -31 -35 56 -71 -19 46 8 -24 32 -76 96 -11 37 17 -56 -3 73 -89 -63 -17 61 -36 23 -24 42 37 45 78 98 -96 45 -20 -2 -55 65 38 -96 -73 4 -82 -8 -74 56 58 91 23 
75 55 -88 -36 -96 -30 37 -17 -10 -81 94 4 55 -11 -52 -7 -42 -38 -96 3 -63 24 -25 -29 -11 -76 86 88 33 11 50 -20 -43 -17 -42 -77 -47 4 63 -11 75 -34 86 -37 -25 -66 -56 86 84 -60 82 -12 -1 90 87 95 50 -58 -95 -76 -49 -48 28 34 -44 76 71 -83 -16 66 
-69 18 -29 74 -19 14 -31 29 5 41 11 -3 -28 -25 35 -76 28 100 91 51 49 -4 11 -18 54 -14 -11 58 -38 -2 -99 -12 -43 -19 38 -33 18 74 -74 2 -23 95 22 -82 80 75 51 45 -41 -47 -26 40 61 83 20 58 74 -27 -96 -21 -64 35 87 -61 38 -52 -24 -35 70 -14 
-37 66 7 -59 18 -61 44 -30 9 -72 4 68 -65 28 -77 -86 97 -58 -60 18 29 92 32 60 31 -75 73 -47 -18 -26 65 80 -20 35 59 -22 98 75 64 -67 84 99 -71 -88 -74 -14 -58 -13 -30 -62 -63 2 -81 -67 -7 56 -62 -80 25 74 -25 8 99 6 68 53 16 -48 -85 -78 
24 53 -76 -75 -47 57 37 43 -56 -97 -26 -65 -81 70 86 65 61 33 100 -85 -49 53 -74 71 -39 7 -53 -72 49 92 99 -49 -84 -48 -35 23 96 -24 -1 -62 51 -41 -17 -34 53 5 -34 -76 64 -3 0 -62 19 67 55 -58 99 19 85 54 -57 32 -94 15 98 81 43 12 -35 -98 
-53 80 6 -61 66 20 -97 55 30 -71 47 22 -70 58 -54 76 29 31 24 75 65 21 -54 69 -83 56 70 49 67 -68 -65 56 80 -51 -8 -98 99 -56 -15 97 10 15 -99 74 -30 60 -91 -31 48 17 -75 54 96 -19 -59 63 -85 -49 -26 24 71 52 -35 -34 -38 78 20 -46 -27 -2 
-23 -27 -78 85 -33 38 -38 75 -64 -15 50 -87 -15 6 56 76 17 -17 -86 31 -29 60 31 -51 -67 97 31 71 -52 -40 19 1 -73 -76 78 88 -6 -55 -100 -44 -79 40 -71 -18 42 2 66 -15 -97 -9 46 -27 52 81 -37 -78 -49 -70 96 89 73 -14 -77 -96 -94 69 -32 -85 -4 -49 
-93 -31 80 -65 74 57 -23 -12 23 67 2 82 -96 -44 -67 51 -34 -90 11 -65 50 93 -3 -58 60 32 -3 -36 91 63 35 -26 -10 -48 22 38 -60 -86 88 55 -88 56 -5 44 -45 46 -100 100 -70 -57 65 93 10 99 30 -40 32 92 56 -49 -50 -8 68 -37 -97 44 -69 -42 -97 0 
-33 12 20 40 -98 -58 62 -68 -82 91 -2 -5 -28 -99 -14 -31 -92 -18 -60 83 30 -11 -88 80 -44 47 1 -96 -91 -8 83 -40 97 -75 67 -26 46 -35 63 -38 82 -15 58 29 -37 68 -65 63 -66 45 78 14 -68 -59 -58 86 66 -48 -47 -13 -65 20 71 47 -6 -40 82 -62 91 98 
17 -98 40 20 -32 33 -13 98 -8 26 -33 1 -83 33 15 54 69 -61 -15 100 -29 -99 -80 31 -26 -5 -42 12 2 70 -54 22 -23 48 -71 99 -94 92 23 -12 78 39 -20 25 -85 -20 85 -64 -100 -77 1 46 -48 74 -38 69 -6 25 -66 83 -9 -17 15 99 -8 28 12 -51 35 3 
-32 91 81 -80 14 -9 55 82 45 -100 -71 53 81 -2 40 -15 -49 -100 40 27 -40 72 -32 78 -20 61 6 -40 -4 29 -5 -57 26 35 -9 -26 -26 -39 37 -97 17 -74 -70 99 97 99 87 -72 -62 90 -61 37 84 5 -86 -71 40 15 78 -85 -61 38 -64 7 -9 21 -80 91 9 99 
-98 -94 85 68 -44 20 93 9 30 -40 -73 53 -2 -61 25 -56 63 -19 25 50 -1 46 30 -4 25 7 -47 -37 11 20 1 81 16 49 50 96 -83 78 -59 -49 45 -55 86 -32 -44 54 -14 67 -18 41 99 -38 74 -51 72 -25 -79 -34 -5 81 0 -40 34 95 7 -73 -1 -88 5 60 
-56 6 3 -37 96 -24 -36 -78 -4 -70 -9 60 -97 13 97 -10 -86 50 -22 -94 -61 26 71 22 22 -71 10 -24 60 49 -75 74 37 68 -59 49 86 -46 -57 -82 -100 -74 68 -60 -7 66 34 -45 -19 -81 -82 -55 -92 58 -4 22 -71 50 75 9 -89 -1 48 -100 -25 7 68 71 -92 48 
-18 91 20 65 92 80 81 59 -83 -24 97 -65 -7 89 71 -39 -34 69 35 -82 48 -47 -90 -54 19 95 72 53 49 -38 97 -87 -79 -40 -71 -38 92 -15 41 -73 78 21 -38 -2 -62 29 42 68 -84 -88 -31 -93 60 2 26 2 55 -48 10 42 77 -81 -70 -92 5 -31 -26 71 41 -61 
-24 -83 -99 34 -19 -52 -82 92 -19 97 19 -21 -22 -57 -99 86 -36 36 -38 -68 12 -3 71 97 33 76 7 21 26 -34 25 97 4 -38 -37 95 -17 85 -46 55 -63 74 50 -26 -55 55 99 79 26 83 -83 -68 -32 -4 -86 -97 49 -83 40 82 -17 88 -12 39 -52 -48 58 -86 41 54 
-90 -42 97 -90 -73 -4 27 17 54 88 -12 -85 92 71 85 -84 61 18 -53 -49 -64 48 -88 96 -17 75 -38 -94 65 27 -34 -70 66 71 -81 62 14 -75 32 47 -7 68 -79 54 21 22 65 96 -57 -17 -79 -48 -60 100 97 48 -52 -13 -41 48 48 -60 86 60 -9 -64 60 -19 55 47 
-38 69 99 52 82 66 -64 -5 30 10 -14 -5 -57 83 -92 -88 -79 -19 -1 -61 -73 -98 -87 -90 70 -87 17 67 -57 -60 -35 15 1 1 -60 56 35 -93 -95 29 -88 -65 -88 -43 -32 -14 24 86 -45 0 -75 -41 22 -93 -16 -30 77 24 -55 39 -51 17 -84 22 -69 -11 20 -76 -36 -49 
-65 -2 7 -28 1 -95 80 27 -38 -62 -26 -28 35 -34 48 61 -18 97 25 -6 -72 -31 86 -50 -17 10 27 -14 10 23 -79 -35 72 -52 -68 72 95 4 63 74 -8 24 73 -21 54 55 -72 41 24 79 76 57 -86 35 -89 -12 -97 -74 -61 90 -66 -4 90 -23 7 11 -10 -12 -8 -69 
71 51 -43 -36 1 -56 -96 -12 -10 -11 93 -22 15 -49 9 93 97 69 -25 -40 97 -98 -33 11 -29 -97 -85 48 -57 14 79 81 94 33 -71 -1 -15 53 48 30 65 -64 35 21 -9 93 61 7 -65 36 65 62 90 -27 -40 -2 -48 -31 -67 -8 -22 62 75 38 -98 -86 70 -3 -27 3 
72 -62 24 33 9 89 -56 -57 -27 -13 30 -100 53 40 -41 52 95 -11 75 93 90 49 60 -50 -93 70 -57 -22 -20 -51 -82 28 -21 70 -80 71 -30 47 91 -36 -12 39 -50 -37 1 16 -26 61 -80 26 -94 -77 73 -75 -57 42 -24 61 -92 -26 9 -92 85 64 -38 -24 -86 86 15 52 
-36 -9 78 10 -70 -55 -26 5 -74 -15 -30 11 7 43 -32 -26 -92 -38 -80 -21 12 83 57 -35 47 -72 32 19 20 -7 -11 -47 -89 -13 -5 -21 14 -6 -96 -27 64 10 68 -72 -72 -69 91 84 90 41 -96 -88 26 12 -23 -69 63 52 21 -60 99 12 67 57 -29 -62 -46 78 -18 67 
60 -50 -83 -77 6 37 33 -39 -79 21 0 -50 -36 21 -85 98 17 -71 88 -2 -81 62 98 -35 32 -32 51 -67 0 -97 91 -44 -49 96 22 74 -63 -1 -65 93 74 -21 -11 -29 -70 -44 -79 48 -39 57 97 -13 99 51 50 1 76 78 76 70 -13 -88 67 -12 96 -95 92 -30 4 -48 
22 38 35 -44 -38 4 24 8 75 27 10 87 89 -25 43 -17 64 -45 -17 36 -12 -47 -56 -65 -56 11 -28 -72 12 -75 -93 19 -26 13 -16 -34 -57 -98 -97 40 -48 -88 -57 -45 80 -63 21 -95 84 80 68 -62 0 83 78 41 17 -54 49 -20 -42 58 44 -45 68 88 -75 32 -75 58 
-47 -51 -25 31 -59 -6 -31 71 -10 44 -96 -19 -90 -32 -59 77 74 -40 85 100 28 -65 8 21 31 67 -20 62 32 -40 -43 -36 80 60 81 52 61 -25 57 -62 -5 67 72 -93 -52 -27 37 -34 83 -25 -75 65 -1 1 86 -76 28 -15 36 -86 -23 24 89 -88 70 29 -56 20 0 -82 
68 -78 24 -51 -98 -11 94 19 -43 25 -31 62 -46 -29 -13 -69 82 35 -24 39 -68 -21 32 -88 -13 -62 -34 87 -11 89 97 26 -87 -66 -76 51 23 37 -36 59 -47 -4 -73 90 -99 28 -96 -10 10 -4 42 79 -6 61 90 -59 -64 4 -87 18 10 52 89 -75 -29 71 -3 -89 46 -98 
2 2 -9 88 44 96 -2 70 15 56 -48 23 24 -95 83 -11 -57 71 -49 67 -39 -14 -24 89 -24 -26 -83 79 -14 -20 -55 77 -27 39 -88 2 100 76 -70 -24 23 18 86 39 12 11 -56 62 42 43 77 15 47 -3 86 -8 -46 -45 46 -20 71 85 6 35 -38 81 10 37 -7 75 
-29 72 3 70 98 -66 66 95 6 39 -35 46 -77 100 -30 -80 -64 63 -49 65 -29 -81 -14 84 49 -47 -5 88 -14 39 59 41 -16 23 55 31 46 -64 79 -74 67 2 6 -86 -63 57 -49 17 -38 -59 72 90 -57 44 54 44 -78 68 -45 -36 49 -84 59 -21 -19 -65 3 -57 54 87 
-86 90 38 16 28 -77 -76 61 17 -94 -47 6 50 38 -40 42 83 -36 -46 -1 61 20 9 -78 -19 -30 -29 -68 15 -16 59 -37 32 -23 97 31 70 100 -75 -67 86 6 -12 11 -16 76 1 -92 37 34 53 -72 -43 -30 77 -20 -66 100 56 20 -4 69 -35 57 7 11 -95 31 -44 -23 
-19 84 13 -50 -63 7 -52 24 77 21 -81 -85 -14 -70 -17 -74 23 26 91 23 -98 -38 -66 89 55 50 -67 -90 91 97 31 47 -59 53 -64 69 -57 11 83 68 4 -74 -62 -26 22 63 55 92 -80 83 -91 -14 49 83 17 -81 62 30 86 -64 31 -89 -100 -17 -53 48 29 72 38 -98 
41 71 -51 -7 -18 -98 -94 28 6 58 39 -87 -29 -68 -84 -52 61 86 63 -24 88 -62 49 52 71 73 -70 38 61 -36 -57 17 76 54 -71 71 -82 44 99 41 -82 89 -94 -94 28 -8 57 -17 -6 -33 78 81 -66 -65 2 77 -87 -33 61 28 49 -40 -76 -34 73 -24 -12 96 78 36 
91 -89 91 -79 90 -51 -65 -14 88 55 -58 83 75 39 -20 51 -46 11 -19 69 -17 83 86 -36 94 -51 74 -89 -3 59 4 6 79 -10 39 26 -23 -41 18 -89 -65 -60 49 -41 -15 9 67 25 -49 -27 31 -13 82 90 -41 91 57 -34 -27 -100 10 79 -71 -48 56 -39 56 -6 -91 91 
-78 -28 -22 -27 77 -89 86 -26 -3 61 34 73 47 -93 -77 -53 49 -80 29 7 -13 -85 81 -92 42 -1 -5 -98 44 -70 94 45 44 20 22 -56 33 49 5 -63 23 17 51 14 71 66 -41 4 37 72 -64 9 -7 -74 36 75 78 36 69 21 83 99 36 2 54 55 -81 38 -26 -23 
-72 50 -42 66 -33 -65 -11 -87 6 -70 21 74 -91 84 -66 -41 -80 -59 -98 6 -13 -37 40 -50 88 -50 18 -50 -70 -77 -96 -49 18 -5 48 35 -3 57 -19 -52 13 14 98 83 70 -87 93 -38 -55 6 69 91 12 79 84 70 -86 -57 -98 -96 88 17 45 -9 20 -100 27 -39 -38 2 
-74 73 16 -33 -75 -85 26 88 29 -58 49 50 72 53 54 19 4 27 -75 90 91 38 79 -4 -95 -67 7 98 65 19 71 32 -60 6 37 -40 95 59 -93 34 70 -7 21 91 75 -11 21 24 22 26 -87 -51 -8 -17 -92 11 -97 -34 -51 -64 77 -69 -5 47 11 -1 -20 -46 -53 -57 
19 -50 35 -14 -52 -14 -47 -22 -33 93 -32 -87 -57 -25 -51 99 -9 -15 -27 57 68 29 -14 51 91 -58 -60 -13 -92 29 -90 -57 -93 67 78 -14 -3 2 77 51 9 9 -65 -9 78 -92 -35 47 28 96 57 -88 58 82 -34 28 -66 -46 90 44 -57 49 -24 -29 -79 36 -89 -79 58 88 
19 46 -92 -34 -68 18 52 44 -61 -5 -30 34 -92 -26 100 -5 65 1 -51 18 65 46 -94 -39 81 81 29 16 12 17 -8 -67 47 -19 -71 -57 -36 17 -51 -96 -25 46 -79 -28 -17 98 -90 10 93 -92 40 -27 -51 95 -94 82 85 20 56 -14 -51 41 -82 86 -75 -99 -76 93 91 -21 
82 -51 -67 24 -4 32 -7 6 -31 -89 21 -23 69 37 -90 16 -59 -83 -3 79 0 -30 -68 -95 -3 -97 90 4 -15 -51 -60 -88 -46 -25 -58 -11 76 -50 -20 61 36 36 47 50 -22 25 85 -29 -39 -48 25 -59 -60 35 -78 82 -13 -58 57 44 -77 7 85 52 4 -41 -59 19 -73 -74 
61 -4 43 65 -3 -98 -53 42 47 52 -93 -15 77 -54 -79 -88 7 20 -94 78 -85 -94 90 67 99 2 97 -67 57 -2 -94 -56 -81 57 100 17 -67 -26 -29 94 -53 -59 6 -45 92 -81 22 -11 -23 4 -69 -39 24 -65 -7 -25 37 -60 -22 49 32 -44 -86 -68 -39 60 -35 43 -78 -11 
-3 9 -53 -14 -71 44 5 -27 -10 -40 24 39 -15 54 -44 75 95 18 12 34 75 -20 -41 -71 -10 61 34 56 -68 -88 89 49 83 -9 -63 4 24 73 -7 26 80 58 -15 27 81 -67 -52 78 11 -75 91 37 -48 8 83 79 52 -53 59 7 -26 27 -53 -64 -53 -96 -92 -18 94 27 
11 -88 -68 -54 -94 57 67 -42 -36 -90 -61 -2 38 -22 30 51 94 -76 25 -31 -50 -60 28 -95 -7 -73 -38 -68 -70 88 13 -45 30 5 51 -70 3 -100 -59 1 26 -44 -83 -15 -42 -79 17 69 82 100 -6 -9 77 45 95 -12 -16 20 40 84 74 74 70 54 -46 79 97 -49 45 45 
-87 45 -31 9 -2 22 66 36 54 -64 -21 15 -43 -45 23 -23 -52 71 -93 -27 21 -4 90 -27 35 39 -93 45 -97 63 -12 69 -20 -94 -59 76 63 98 -19 -92 59 -79 -36 -93 -23 -64 86 75 -78 71 76 -61 -64 2 -76 91 84 -17 13 95 -64 48 98 29 -3 -11 -10 59 -54 84 
-44 65 -29 -100 -62 -91 -55 -39 69 -29 90 43 -48 25 3 45 -95 51 -89 -12 -70 57 1 -3 95 -90 -27 -13 2 -94 66 81 15 36 -63 -41 59 -50 -50 -55 17 -66 78 -61 73 -45 17 11 75 -55 14 -68 94 62 -7 57 -84 48 -32 94 23 -65 6 11 64 -29 51 -19 -48 17 
-87 -80 7 -82 -27 70 -81 -46 0 63 -8 85 -29 52 36 -47 33 63 23 -4 -31 -34 73 81 -20 -31 63 78 60 -34 37 14 -81 -9 14 76 -13 7 38 -96 100 5 -5 76 -52 -1 89 1 -33 64 62 22 85 -40 29 -16 -31 -44 89 68 13 98 53 -22 -81 -19 -20 14 -88 83 
-68 -83 -10 -3 34 -23 27 -9 -88 74 91 87 -22 -37 16 78 28 15 91 -56 47 -94 -65 39 26 -40 -40 -16 -57 81 47 -22 -75 -93 -91 77 12 63 14 5 27 81 0 -27 92 -18 -97 71 -71 -7 -37 91 -84 89 -68 -85 -73 -39 28 -45 -95 -33 -93 57 -73 -54 81 -64 -34 -8 
-60 -44 -66 37 22 -42 66 32 -39 -20 -40 95 45 -79 -16 97 -50 -93 -26 70 -24 18 32 -49 12 23 74 -29 23 38 16 26 41 -72 66 -88 2 81 31 -76 -75 1 53 -95 7 69 -50 4 -31 18 56 -65 -19 -46 96 47 -32 -63 -90 7 9 59 27 -36 -70 -13 -70 32 67 -19 
-86 -28 -88 -59 40 81 100 95 -42 -42 12 84 -99 -50 73 12 -9 -23 96 -34 -84 -31 30 -36 70 -86 -68 -39 85 -4 94 -60 7 -24 3 -20 -45 56 -96 -46 4 22 0 65 -61 -88 -79 -100 -48 10 8 68 -43 55 -34 79 92 -92 62 -35 -87 62 -69 2 29 87 -11 -100 10 -41 
77 7 56 -63 -65 95 -87 -36 13 -72 34 -26 2 -75 -63 -90 -80 -70 -99 27 20 -74 -85 -70 -97 -83 22 57 17 -37 -49 -9 -60 39 88 -37 26 -93 -18 92 77 -99 -54 -3 -5 -16 -67 67 -20 1 65 -77 88 47 4 -73 -27 -59 -8 -55 39 96 96 -89 7 -68 57 6 72 -81 
62 -63 -80 -40 -23 1 50 -31 -25 -33 -3 -17 20 65 74 50 85 -99 -76 -7 43 36 48 83 -99 -81 -24 -30 42 96 -46 69 -9 -1 70 45 -98 88 81 -94 57 -74 40 -92 11 -82 -76 -40 52 -32 41 -33 13 94 88 43 98 -80 86 72 -89 36 84 80 31 25 12 -12 29 6 
95 76 -21 31 -2 41 30 70 27 -71 66 40 -40 14 98 -68 -46 32 65 -99 79 -24 -74 -28 -15 38 80 40 -92 -68 42 59 -24 14 94 -62 -58 -62 -12 77 82 -92 -26 7 86 -4 75 -60 -20 91 -41 28 -26 95 33 11 47 -27 -47 -16 -83 -74 -85 12 16 -79 33 2 98 -60 
94 -41 39 -74 90 -82 44 -9 97 27 15 76 -1 -64 -7 -67 -80 23 52 89 32 -9 46 -17 -73 -43 -10 20 92 35 40 80 -77 -75 17 -6 4 -13 -83 73 -59 -51 -76 -39 -96 63 47 12 -38 -53 8 62 80 6 6 52 30 -93 49 54 94 31 -61 -76 -69 -15 65 13 -69 93 
19 -67 -75 -36 -26 29 64 73 62 -91 -52 -21 -82 4 -58 -79 34 59 89 67 -67 -74 -55 -88 21 -46 -37 25 -17 100 -74 76 -7 -67 0 -82 -74 -91 95 97 19 -65 -81 0 -37 67 72 68 -92 10 69 -56 -25 -35 17 -6 100 -52 -58 -69 -66 88 83 67 -39 75 50 -41 11 32 
-54 -94 -87 -57 98 9 -82 -88 -16 -64 -71 -86 22 -10 -58 -59 -74 69 69 4 19 -45 -89 71 -73 55 53 -96 -28 -34 72 52 69 -16 -46 48 -14 -90 -67 45 -11 53 -89 -44 -41 -36 -12 -97 -81 11 -18 35 -33 22 81 15 6 98 -55 -72 -20 -70 52 67 -84 -59 -85 23 11 79 
-66 -17 -15 18 -94 64 36 89 -46 71 -16 66 -75 -39 65 -23 -54 -68 -33 95 -56 80 25 81 -28 0 11 96 13 54 6 -75 98 83 40 91 -81 -63 29 19 -32 69 76 2 -65 -82 93 17 -46 25 -54 -19 -46 -82 -88 -4 -18 -81 -98 1 75 -63 90 -62 65 15 -47 44 83 -40 
80 61 93 -68 -33 -20 -57 -41 -79 -59 -80 -24 29 59 -2 -63 -49 -86 -50 -15 -16 -98 9 11 88 -74 39 30 5 89 -62 88 89 -45 72 89 80 -9 0 71 -43 27 -29 92 53 -53 99 100 -80 5 57 0 -33 -38 -42 24 -29 41 39 29 25 43 9 -47 -98 32 -21 -71 -12 -64 
