20
98 12 -56 -2 14 49 -12 41 -67 -7 38 81 -97 14 8 -95 -60 -26 -49 -50 
-54 79 -62 72 99 -10 54 14 25 58 -60 4 -66 -2 8 -11 64 85 6 -62 
-8 -84 27 -90 -6 -73 -23 -10 99 73 78 -58 4 -30 -64 -77 -4 87 -55 51 
-33 -23 81 -97 14 8 -91 -60 -75 60 -66 63 97 27 -87 -70 -4 -23 14 22 
93 67 -60 4 -50 -2 72 61 64 85 6 -62 -8 -84 27 98 86 3 -23 -22 
-54 1 -42 87 49 -95 57 -46 46 57 -75 65 75 -12 -51 37 59 47 38 43 
-5 -70 49 -3 5 -40 84 -23 -67 50 -39 67 -2 -91 -26 -75 60 -66 63 79 
-62 -87 -70 -4 -23 22 93 67 84 -25 28 79 -33 61 -18 48 -53 58 71 -33 
-90 -6 -73 -23 -10 99 1 -42 87 49 -95 57 -46 46 57 -75 65 75 -12 84 
-10 -31 12 -42 -42 14 49 72 5 -40 84 -7 -23 81 -97 14 8 -91 -60 -75 
60 -66 63 97 27 -87 -70 -4 -23 22 93 67 -60 4 -50 -2 72 61 64 85 
6 -62 -8 -84 27 98 86 3 -23 -22 -54 1 -42 87 49 -95 57 -46 46 57 
75 -99 -12 41 -67 -7 38 81 -97 14 8 -95 -60 -26 -49 -50 -54 79 -62 72 
99 -10 54 14 25 58 -60 4 -66 -2 8 -11 64 85 6 -62 -8 -84 27 -90 
-42 -90 72 -12 41 84 -7 38 81 50 -39 -2 -91 -60 -26 -49 -50 -54 -72 97 
27 99 -10 54 14 25 58 -60 4 28 72 -33 61 -18 48 -53 58 71 -33 83 
-42 -90 72 -12 41 -67 -33 -7 -67 50 -97 67 -95 -60 -26 -49 -50 -54 -72 97 
27 99 -10 54 14 25 58 -60 -25 -50 79 -11 61 -18 48 -53 58 71 -33 83 
4 81 -64 -77 -4 87 -55 51 11 65 -51 37 59 -63 56 37 -42 44 -4 -90 
22 29 -38 -97 -95 5 14 -36 55 -45 20 -98 -24 -57 -84 -64 -75 64 -75 -99 
