30
-15 -40 74 95 -43 35 -14 10 -15 55 70 88 -22 63 31 -40 56 -54 -84 87 26 39 43 1 39 -61 -51 -70 67 77 
-78 -75 -27 -33 -4 49 0 -56 -83 81 100 -47 -43 -6 -84 -47 79 -86 10 11 -48 20 -5 62 76 36 -91 -17 31 -4 
-6 -10 -43 11 19 3 73 97 70 -76 -47 33 -77 78 53 54 73 -58 97 -23 24 -89 47 35 -37 -10 68 95 -100 -34 
35 99 49 -58 29 29 -96 -28 -34 17 40 82 78 -23 5 39 -41 72 -94 -20 54 -59 -67 -66 -35 73 11 -8 95 -78 
96 -6 -85 51 -9 -94 -75 -23 -47 86 28 12 49 -18 -79 -94 82 36 89 86 64 51 23 88 -41 100 -78 31 50 -55 
15 75 33 -86 -50 93 -19 46 -67 71 14 86 -25 38 -68 1 -55 100 62 -21 60 -87 62 19 52 23 38 -15 79 89 
-61 38 -70 62 -32 11 43 -36 72 58 -29 12 16 0 49 -84 53 17 -71 -58 52 -52 29 20 15 53 28 9 24 -80 
-36 -50 13 -95 -92 57 54 -22 -53 28 89 66 32 -70 50 -17 -14 -42 60 76 -92 -19 64 -92 31 63 96 64 -91 35 
-30 4 95 -7 -7 0 0 -30 21 98 -56 -67 -15 45 60 46 -85 43 52 -49 86 -42 0 -96 14 20 -68 74 0 66 
82 -21 -4 -20 -71 -62 96 72 35 38 -80 12 66 3 -97 -10 16 78 20 35 44 -14 64 16 -90 64 67 -59 40 41 
-53 58 60 41 -26 92 -66 -95 -82 13 -94 -14 19 -33 52 -37 -77 -87 80 -56 -39 29 -33 54 49 -34 12 10 -30 91 
-35 16 67 -75 31 52 -20 45 -12 -74 33 -15 23 -27 -43 3 -55 16 -60 57 -81 -13 -90 -60 -33 57 12 -91 -100 15 
-9 14 -55 67 80 -9 24 -22 28 -90 -21 72 -44 -54 -40 -53 62 100 -93 56 54 52 89 10 14 -90 -92 86 -29 -37 
-8 -9 11 -85 -22 3 -37 56 40 45 11 -65 30 75 26 -7 36 74 22 13 34 44 88 -77 -70 100 25 63 46 -8 
61 53 -57 30 -75 67 -52 -13 8 17 4 -81 -5 -52 8 87 -17 24 -27 74 -25 82 -90 39 89 -62 -89 67 37 100 
23 -72 37 -11 32 -87 7 -78 -65 -82 94 -22 -60 8 -52 -56 -37 -53 78 25 -19 -2 -8 0 -80 74 98 15 98 52 
32 10 30 83 80 -70 -30 -43 29 65 -64 50 72 -17 -46 33 29 -92 -46 93 25 82 -5 -9 51 -2 56 53 56 -45 
78 18 -89 77 1 91 27 -65 21 6 -14 83 -51 19 29 -87 -48 8 -94 -76 -63 79 63 31 87 -32 -52 55 15 7 
14 42 81 48 2 51 90 -74 -27 18 -43 -69 -43 34 69 6 -77 -55 -42 -68 -44 -68 53 65 -59 16 35 47 9 13 
-64 40 14 -26 -3 11 9 4 97 27 -5 98 50 -91 -96 -93 69 29 -7 -56 26 -53 -47 97 -89 -32 7 85 -40 -10 
94 -23 32 21 -15 -97 24 -17 -83 19 9 -80 40 28 -67 22 -60 -77 99 -93 -13 61 6 -29 86 55 25 -51 86 -44 
23 -21 -84 -63 -90 10 88 -86 66 -41 14 -71 -2 2 22 -70 -45 7 11 12 47 44 2 95 68 8 -36 -79 11 17 
-88 -20 -88 33 26 -2 9 -19 30 -97 92 -57 15 -56 -45 17 81 -40 82 97 -6 -7 80 -71 94 -28 25 57 -71 7 
-64 35 94 -65 49 88 -69 -80 59 -29 -33 76 76 61 33 -5 -77 -79 53 -86 -50 49 55 59 5 77 -90 12 87 -48 
42 -46 20 -18 50 5 -60 19 -85 -85 55 -92 50 26 -10 77 -50 14 -3 -40 -46 93 -71 18 -93 31 29 66 83 56 
-59 13 28 68 -67 7 88 56 -84 71 -48 -69 -95 -59 93 -69 98 4 70 11 94 -49 43 -86 -52 94 -48 58 3 -65 
77 -87 14 -80 19 7 -6 -81 -29 -1 -17 76 84 35 50 -76 -65 22 65 -55 73 34 -53 96 95 -64 -47 28 72 -62 
-72 -55 -97 84 -37 27 63 94 -24 12 -33 61 34 -11 -73 81 -80 42 82 22 21 60 53 99 -91 67 88 48 -3 -1 
-75 -55 -61 -32 1 -61 18 -48 -68 83 -60 20 23 1 -69 43 14 4 -93 -10 -28 -75 90 -9 33 48 -44 3 -4 -96 
62 34 96 -60 -58 -23 -93 -41 -48 19 -14 48 24 -51 -66 -55 42 42 -3 76 -56 8 74 57 23 -39 55 -24 -69 -50 
