80
-42 71 -12 -91 87 -15 95 69 70 14 69 -30 15 -58 3 94 -13 94 4 43 14 -73 -62 6 65 22 57 19 23 -8 62 -52 -91 -55 58 -40 41 -31 12 91 -77 -19 -31 -15 70 -55 13 8 30 -74 26 69 -54 -62 -27 97 63 33 32 -50 65 49 86 -54 63 -98 1 77 20 54 -46 -72 47 -88 68 71 88 41 24 -88 
79 -26 -22 -82 -61 88 -79 39 68 -99 -48 -19 -16 -13 81 -53 38 26 -87 44 35 40 50 -85 -60 16 -89 21 -43 36 -89 -31 30 38 46 54 35 -6 -54 93 -90 -41 89 -52 41 -80 -65 71 -38 0 94 -81 -56 15 -30 -95 -43 -57 -79 -58 -96 -22 18 -66 10 3 30 -84 -1 -20 -35 87 -31 93 1 34 86 -4 38 90 
-41 94 -28 -82 58 13 65 8 19 60 -74 -22 -79 14 -47 94 -72 61 -66 36 -8 44 -79 54 28 -9 13 -60 32 -54 68 -11 -98 -5 -52 37 81 -52 10 -65 99 -10 0 16 40 -47 55 42 73 85 -26 19 56 -48 5 39 -52 -6 -99 -85 56 29 -25 -33 -47 66 53 71 42 4 48 97 32 51 -32 -57 -56 -70 97 -44 
74 -15 64 86 -91 -66 -97 21 22 -25 -74 -15 -81 -91 75 -11 98 -53 87 -47 52 46 -74 52 10 4 12 50 -77 -43 47 -50 -1 -83 53 45 -37 -51 -53 -52 -17 96 95 48 -70 -59 81 -56 1 -42 -57 -18 -21 -6 -24 -48 69 -51 -13 -52 25 37 -100 56 92 -18 38 -25 91 -55 -98 76 -22 -80 -84 -67 96 5 -14 -96 
-44 2 -78 -55 12 -82 61 65 -20 63 -79 93 24 99 -11 -64 93 -8 73 -2 -5 26 -35 -29 -53 -27 67 -18 -95 -14 -44 -63 1 -86 0 59 -80 -64 93 -24 86 -8 -71 -84 35 4 -22 -85 89 -36 37 71 0 -41 34 85 -17 -99 -87 -27 -48 -57 -58 24 77 -25 -73 14 -28 -52 85 -3 8 47 -95 -24 -83 -80 92 -6 
21 11 5 -46 69 55 60 16 -85 -52 -65 57 -81 67 -26 74 -82 -12 -12 8 76 -13 -18 13 27 -72 -37 -33 -32 15 25 72 32 -39 -46 -23 71 45 -29 -34 -53 38 -32 53 -68 8 -32 -85 48 81 90 9 -3 -90 3 94 100 -1 0 12 80 20 -35 98 -95 47 -16 42 71 -90 -75 -66 11 71 -28 35 5 46 82 76 
-58 -97 -35 -8 64 -44 33 -31 -92 72 29 47 -53 34 3 -69 7 -39 28 85 89 59 24 -57 49 -49 -78 -69 56 -69 15 63 -63 70 -60 -1 51 -81 -26 40 -37 49 -24 12 -73 13 -71 0 -12 -5 -8 57 65 85 -37 16 -94 -35 57 77 99 -33 70 -84 -7 45 -16 37 66 62 -9 -54 -5 47 65 -67 -43 -33 -56 86 
-27 43 40 97 -83 -78 53 -84 84 75 -11 -53 34 -51 -75 -70 40 -39 90 19 2 74 23 38 89 -14 51 28 99 -66 -7 27 -97 69 -86 62 -67 -65 40 -25 -13 -42 -10 40 -22 7 -87 -1 23 18 63 66 -30 47 -88 -78 -90 -41 96 -13 31 80 -43 42 -21 -76 -3 83 40 29 45 -84 -69 4 -20 81 -77 -82 77 0 
-55 47 -47 -13 -77 8 -7 46 26 91 -44 -61 -34 -78 24 -91 -1 33 45 31 99 -9 35 -7 74 65 -77 -49 -100 -60 -15 82 28 -3 3 48 -58 26 -72 47 88 4 -95 -68 -99 99 -54 -69 -2 -57 40 12 40 -66 34 -25 -59 -56 -65 78 -33 -20 -29 93 -9 50 -35 -2 -37 -18 33 -46 73 22 94 -14 43 74 -7 -53 
24 32 -56 49 -51 -53 -33 -23 -1 87 48 80 31 -26 -76 -98 -52 69 24 30 67 89 -11 28 63 -59 -93 13 -27 -7 -52 21 22 5 1 28 48 68 0 -76 -34 -36 100 -8 -27 3 -87 -35 -1 55 28 88 64 1 38 -21 -45 77 -85 91 26 61 76 -82 -24 -86 81 86 32 -83 -97 -63 35 34 16 -99 29 -35 9 15 
-58 84 -79 -46 -82 71 82 91 -99 87 -15 95 69 70 14 69 -30 15 -58 3 94 36 38 23 0 -52 2 -63 -39 -58 -34 50 23 -16 -75 -8 62 66 -44 73 -74 58 -40 41 -31 -60 -15 -77 -19 -31 -15 -1 38 95 37 36 -48 41 -34 -11 81 6 58 -30 -89 35 4 -100 -12 32 86 -54 11 -96 -16 89 -23 7 33 0 
-39 -60 -53 36 -49 77 31 88 -32 77 -22 -76 -82 -61 88 -79 39 68 -99 14 -30 -25 13 -38 61 -53 81 58 -70 69 -98 35 40 50 -62 -60 16 -89 11 -5 -62 -57 58 -66 72 -77 80 21 -100 57 52 -22 99 58 -42 -37 -43 -66 -4 21 16 -65 96 -8 73 -33 94 -43 -68 -98 -1 -100 -69 -22 100 -66 -67 3 30 -84 
-88 64 98 31 -36 -53 -23 -82 -21 -79 95 49 -18 64 -71 3 13 92 59 65 8 19 60 -74 -22 -79 14 -47 94 -72 61 -66 36 -8 44 -79 54 28 -9 13 -60 32 -54 68 -11 95 -3 -32 -29 -93 52 36 -49 -74 14 -25 -75 -24 -89 8 -75 26 -58 7 5 98 -41 79 39 -52 -6 -99 -85 56 -44 51 -61 63 60 68 
49 -1 70 51 38 73 -48 100 44 47 46 67 -11 -44 74 -15 90 80 38 6 -91 -91 91 85 35 -31 40 -60 86 -90 -79 61 -67 94 92 95 11 -12 13 37 -96 24 99 91 64 13 78 -95 -81 8 61 13 70 3 -57 96 95 69 -4 59 65 81 -56 1 99 -72 -9 44 95 -60 -100 27 -15 -51 -13 -52 25 37 99 -74 
-65 -71 40 -8 22 -55 -7 56 40 -82 -76 -84 -67 96 17 10 -9 40 -44 -1 57 -55 49 -26 -85 -32 46 -79 -24 -7 -39 -3 -12 52 65 22 93 -26 -5 26 -35 96 -53 -27 67 -18 -95 32 -26 -94 -72 -58 -4 -82 95 -64 -77 86 -8 -71 -43 -20 24 -99 43 -11 7 67 90 -13 -56 -64 38 -42 20 -42 -27 67 81 -22 
-63 -48 87 62 -73 14 -28 -75 86 -3 8 47 -95 -24 -83 -52 -46 -58 6 11 -15 -94 -2 88 54 60 -25 -65 57 -81 67 -80 4 74 -82 -12 -12 -94 58 -13 -85 -15 -48 67 -78 15 58 54 -10 -54 93 -89 -87 -47 -13 67 18 -56 -15 74 -84 -11 -21 -63 -30 14 3 -16 -41 9 -3 -90 -62 -85 100 -1 15 -81 -100 -38 
-42 -35 98 -95 18 65 42 71 -90 -75 41 9 -79 78 1 4 -1 -19 75 53 13 81 90 -70 -89 -36 51 45 -66 -59 73 40 -90 12 -71 -7 66 -89 -94 59 68 -41 -6 49 12 -78 -35 -71 -46 34 -92 41 42 30 -92 -92 51 -81 14 -51 -95 24 -96 -6 47 -13 -14 -14 -33 53 -16 57 65 85 -37 -39 0 -41 -95 -37 
76 -1 6 97 -19 -19 34 23 -56 -30 -94 -68 5 -81 -94 82 86 -43 -33 -56 80 60 -81 79 -8 -50 -86 37 -55 97 95 75 -11 -53 33 -8 8 18 -51 24 53 -70 -62 1 -39 -74 -48 59 55 74 -68 49 -7 -35 12 -80 -20 39 -97 69 -86 62 -100 50 -20 40 -25 -64 -80 -42 -17 100 -63 58 40 91 46 30 -30 -86 
44 69 -58 -78 -90 -41 96 -13 31 80 17 5 54 31 11 83 40 29 45 -84 -69 4 74 80 92 50 -58 5 42 89 16 66 -98 -73 8 68 -27 26 91 -44 -61 19 -88 24 -17 -100 -48 78 70 31 99 -10 82 -83 -8 -77 -49 -100 -60 -15 82 19 -40 12 33 -54 74 -75 -90 5 -91 -20 29 63 60 -49 -98 8 18 35 
34 -75 67 -4 -80 -91 -39 71 -25 73 2 -81 -29 93 -9 50 -88 73 25 -97 -39 26 100 -67 100 -20 -67 -79 84 40 -94 16 -32 11 -51 -53 -33 10 -43 13 74 80 96 24 -100 -43 -22 -13 -84 66 2 36 -66 -73 65 44 -22 -40 31 13 -31 -18 54 -25 1 28 48 68 92 -50 38 3 9 -78 -31 -87 3 -87 -35 -1 
-56 -5 -48 -47 -12 -91 76 52 -34 -48 23 6 36 -32 43 5 -12 77 77 -13 94 4 43 14 -73 -62 6 65 22 57 19 23 31 -54 66 -44 73 -74 81 1 93 12 -60 -15 26 23 -11 29 38 95 37 36 -48 41 -34 -11 81 6 58 -30 -89 35 4 -100 -12 32 -52 99 63 -98 1 77 20 54 0 -39 -60 -53 68 71 
88 41 24 -88 79 -26 -22 -15 -83 -48 -69 37 25 33 -44 -30 -25 13 81 14 81 58 -70 69 -98 97 39 -62 77 -32 -47 11 21 -43 36 -89 -31 30 38 46 21 35 -6 -54 93 -90 -41 89 -52 41 -80 -65 71 16 -65 96 -8 73 -33 94 -82 -82 -57 -79 -58 -96 -22 18 -66 10 -100 -64 -89 -1 -20 -35 87 -31 93 1 
34 86 -89 38 78 -41 94 -28 -82 58 13 -17 57 -32 73 37 -26 -61 30 -72 -91 65 -96 -63 31 30 48 33 -21 -73 66 -85 71 57 -81 11 67 99 -5 -52 37 81 -52 10 -65 99 -10 0 16 40 -47 55 42 73 85 -26 19 56 -48 5 -52 -84 -50 9 -63 35 9 29 -25 -94 63 60 68 49 -1 70 51 38 73 51 
-32 -57 -56 -70 97 -91 -76 -55 -91 64 86 -91 -66 -97 21 22 -25 -74 -15 -81 -91 75 -11 98 -53 87 -47 95 11 -12 13 37 -96 24 99 91 64 13 79 -1 -81 8 61 -37 -51 -53 -57 -7 95 57 48 -70 -59 81 84 -56 13 82 -40 84 -56 1 99 -82 -18 -21 -6 -24 -48 69 -84 -61 69 -88 92 -60 -74 -65 -71 40 
-8 91 59 28 -98 76 40 -82 -76 21 -39 -79 10 -96 -34 -27 79 46 12 -82 61 65 -20 -98 74 -7 -39 -3 -12 52 65 22 93 99 -43 63 -29 -81 -24 88 1 -31 58 32 -26 -94 -72 -58 -4 -82 95 -64 -77 26 58 -34 -64 -84 35 4 -22 -85 89 -36 37 71 0 -41 34 85 -17 -99 -87 -91 -48 -57 -58 24 77 -25 
-2 -57 -8 -52 85 -3 -19 2 56 62 91 -100 -46 -58 6 11 -15 -94 -2 88 54 60 -25 52 5 58 31 98 -26 -16 93 59 98 16 -94 58 -80 -85 -15 -48 67 -78 15 58 54 -10 -54 -21 -39 -89 -87 -47 -13 67 18 -56 -15 -32 -84 -11 -21 -32 -85 48 81 90 -55 77 -77 27 3 94 -28 69 0 12 80 20 84 94 
45 18 65 -86 45 27 1 41 9 -79 78 1 4 -1 -19 75 53 13 81 90 -70 -89 -36 51 45 -66 -59 73 40 -90 12 3 -69 7 -39 28 85 5 68 -41 -6 -14 -21 88 -35 -71 -46 34 -92 63 42 30 -92 -70 -65 -26 40 -37 49 -24 12 -73 13 -71 -14 -33 53 -16 8 -99 19 -20 16 -94 -35 57 77 99 -33 -49 
-84 -19 -19 34 23 -56 -30 -94 -68 -5 37 -94 82 86 42 -25 -61 78 -27 43 40 97 -83 -78 53 -84 84 -60 68 -53 59 -51 24 -97 -62 1 -39 90 19 2 74 23 38 89 -14 51 28 99 -66 -7 27 52 38 53 -41 -67 -65 -61 76 29 -13 -42 -10 40 -22 7 -87 -1 23 18 63 66 -30 47 -88 11 -35 -97 -29 48 
95 -5 17 5 54 -76 -3 2 -40 -53 -22 -86 -75 74 80 92 50 -58 5 42 89 16 66 -77 57 -47 -7 -86 38 -81 8 -62 -34 -78 24 -91 -1 33 45 23 -71 -9 -10 -7 -8 65 16 17 13 -28 -57 -55 28 -3 3 48 -58 26 -90 -80 88 -20 29 63 60 -49 -98 8 18 35 34 -75 67 -4 -80 -91 -39 71 -25 73 
2 -81 64 -52 49 95 -2 -37 -18 33 -46 73 100 -67 100 -20 -67 -79 84 40 -94 32 -56 49 -2 36 5 40 22 -43 13 74 -38 96 -76 -98 -52 69 24 30 67 36 -66 -73 65 44 -93 13 -27 31 13 -31 -18 54 -25 3 68 92 -3 -76 -34 -36 100 -8 -27 -87 72 -78 17 40 -88 63 -50 1 -94 -100 66 -25 -41 60 
-5 96 49 66 -66 1 -15 95 69 70 14 69 -30 15 -58 3 94 36 38 23 0 -52 2 -63 -39 -58 -34 50 23 -16 -75 -8 62 66 -44 73 -74 58 -40 41 -31 -60 -15 -77 -19 -31 -15 -1 38 95 37 36 -48 41 -34 -11 81 6 58 -30 -89 35 4 -100 -12 32 86 -54 11 -96 -16 89 -23 7 33 0 -39 -60 -53 36 
-49 77 31 88 -32 77 -22 -76 -82 -61 88 -79 39 68 -99 14 -30 -25 13 -38 61 -53 81 58 -70 69 -98 35 40 50 -62 -60 16 -89 11 -5 -62 -57 58 -66 72 -77 54 21 -100 57 52 -22 99 58 -42 -37 -43 -66 -4 21 16 -65 96 -8 73 -33 94 -43 -68 -98 -1 -100 -69 91 100 -66 -67 3 30 -84 -88 64 98 31 
-36 -53 -23 -82 -21 -79 95 49 -18 64 -71 3 13 92 59 65 8 19 60 -74 -22 -79 14 -47 94 -72 61 -66 36 -8 44 -79 54 28 -9 13 -60 32 -54 68 -11 95 -3 -32 -29 -93 52 36 -49 -74 14 -25 -75 -24 -89 8 -75 26 -58 7 5 98 -41 79 39 -52 -6 -99 -85 56 -44 51 -61 63 60 68 49 -1 70 51 
38 73 -48 100 44 47 46 67 -11 -44 74 -15 90 80 38 6 -91 -91 91 85 35 -31 40 -60 86 -90 -79 61 -67 94 92 95 11 -12 13 37 -96 24 99 91 64 13 78 -95 -81 8 61 13 70 3 -57 96 95 69 -4 59 65 81 -56 1 99 -72 -9 44 95 -60 -100 27 -15 -51 -13 -52 25 37 99 -74 -65 -71 40 -8 
22 -55 -7 56 40 -82 -76 -84 -67 96 17 10 -9 40 -44 -1 57 -55 49 -26 -85 -32 46 -79 -24 -7 -39 -3 -12 52 65 22 93 -26 -5 26 -35 96 -53 -27 67 -18 -95 32 -26 -94 -72 -58 -4 -82 95 -64 -77 86 -8 -71 -43 -20 24 -99 43 -11 7 67 90 -13 -56 -64 38 -42 20 -42 -27 67 81 -22 -63 -48 87 62 
-73 14 -28 -75 86 -19 -28 47 -95 -24 -83 -52 -46 -58 6 11 -15 -94 -2 88 54 60 -25 -65 57 -81 67 -80 4 74 -82 -12 -12 -94 58 -13 -85 -15 -48 67 -78 15 58 54 -10 -54 93 -89 -87 -47 -13 67 18 -56 -15 74 -84 -11 -21 -63 -30 14 3 -16 -41 9 -3 -90 -62 -85 100 -1 15 -81 -100 -38 -42 -35 98 -95 
18 65 42 71 -90 -75 41 9 -79 78 1 4 -1 -19 75 53 13 81 90 -70 -89 -36 51 45 -66 -59 73 40 -90 12 -71 -7 66 -89 -94 59 68 -41 -6 49 12 -78 -35 -71 -46 34 -92 41 42 30 -92 -92 51 -81 14 -51 -95 24 -96 -6 47 -13 -14 -14 -33 53 -16 57 65 85 -37 -39 0 -41 -95 -37 76 -1 6 97 
-19 -19 34 23 -56 -30 -94 -68 5 -81 -94 82 86 -43 -33 -56 80 60 -81 79 -8 -50 -86 37 -55 97 95 75 -11 -53 33 -33 2 18 -51 24 53 -70 -62 1 -39 -74 -48 59 55 74 -68 49 -7 -35 12 -80 -20 39 -97 69 -86 62 -100 50 -20 40 -25 -64 -80 -42 -17 100 -63 58 40 91 46 30 -30 -86 44 69 -58 -78 
-90 -41 96 -13 31 80 17 5 54 31 11 83 40 29 45 -84 -69 4 74 80 92 50 -58 5 42 89 16 66 -98 -73 8 68 -27 26 91 -44 -61 19 -88 24 -17 -100 -48 78 70 31 99 -10 82 -83 -8 -77 -49 -100 -60 -15 82 19 -40 12 33 -54 74 -75 -90 -80 -91 -20 29 63 60 -49 -98 8 18 35 34 -75 67 -4 
-80 -91 -39 71 -25 73 2 -81 -29 93 -9 50 -88 73 25 -97 -39 26 100 -67 100 -20 -67 -79 84 40 -94 16 -32 11 -51 -53 -33 10 -43 13 74 80 96 24 -100 -43 -22 -13 -84 66 2 36 -66 -73 65 44 -22 -40 31 13 -31 -18 54 -25 1 28 48 68 92 -50 38 3 9 -78 -31 -87 3 -87 -35 -1 55 -98 63 -50 
93 -47 91 -56 52 -34 -48 23 6 36 -32 43 5 -12 77 77 38 23 0 -52 2 -63 -39 -58 -34 50 23 -16 -75 -54 -86 -52 -91 -74 81 1 93 -60 91 -66 26 23 -11 29 70 -55 13 8 30 -74 26 69 -54 -62 -27 97 63 33 32 -50 65 49 -24 -52 99 63 -16 89 -23 7 33 -72 47 -53 57 36 -49 77 31 88 
-32 77 -22 -76 -82 -83 -48 -69 37 25 33 -44 -19 -16 -13 61 -53 38 26 -87 44 35 39 67 -85 77 -32 -47 11 -5 -62 -57 58 -66 72 -77 80 21 -100 57 52 -22 99 89 -42 -37 -43 -66 -4 -38 0 94 -81 -56 15 -30 -82 -82 -98 -1 -100 -69 -85 90 -67 -81 -100 -64 -89 64 98 31 -36 -53 -23 -82 -21 -79 -4 49 
90 64 -71 3 13 92 59 57 -32 73 37 -26 -61 30 -72 -91 65 -96 -63 31 30 48 33 -21 -73 66 -85 71 57 -81 11 67 99 95 -3 -32 -29 -93 52 36 -49 -74 14 -25 -75 -24 -89 8 -75 26 -58 7 5 98 -41 79 39 -50 9 -63 35 -44 51 -61 -33 -47 66 53 71 42 4 48 97 32 51 44 47 46 67 -91 
-76 -55 -91 64 80 38 6 -91 -91 91 85 35 -31 40 -60 86 -90 -79 61 -67 94 92 46 -74 52 10 4 12 50 -77 -43 47 -50 78 -95 53 45 -47 13 70 -52 -17 95 57 -4 59 65 81 84 82 -40 52 -72 -9 44 95 -60 -100 27 -84 -61 69 -88 92 -60 -100 56 92 -18 38 -25 59 -95 56 40 -22 -80 -55 21 -39 
-79 5 -14 40 -44 -1 57 -55 49 -26 -85 -32 46 -98 74 93 24 99 -11 -64 93 -8 73 -26 -5 -43 63 -80 96 -53 -24 88 1 -31 -14 -44 -63 1 -86 0 59 -80 6 93 -24 58 -34 -64 -84 24 -99 43 -11 7 67 90 -13 -56 -64 38 -42 20 -42 -2 67 -22 -63 -48 87 -2 -57 -8 -52 85 -3 8 2 56 62 91 
-52 -46 -58 21 -64 98 69 55 60 16 -85 -52 5 58 31 98 -26 93 59 98 8 76 55 -18 13 -48 -72 -37 -33 -32 15 25 72 32 93 -46 -87 71 45 -34 -56 -15 -32 53 -68 8 -30 14 3 -16 -41 9 77 -77 27 -85 4 -28 69 -81 -100 -38 84 94 45 33 47 -16 45 27 1 41 -66 11 71 -28 35 5 46 82 
76 -58 -97 -35 -8 64 -44 33 -31 -92 72 29 47 -53 34 3 -71 -7 66 -89 -94 59 89 59 24 -14 12 88 -78 -69 56 -69 15 83 -63 70 -60 -1 -70 -65 -90 14 -51 -95 24 -96 -6 47 -13 0 -12 -5 -8 -16 8 -99 19 -20 0 -41 -95 -37 76 -1 -16 70 -84 -7 45 -16 37 66 62 -9 -54 37 -94 82 75 42 
-25 -61 86 -27 79 -8 -50 -86 37 -55 97 95 68 -53 59 -51 24 -97 -70 40 1 -39 -74 -48 59 55 74 -68 49 -7 -35 12 -80 -7 39 -43 52 38 53 -100 50 -61 76 29 -80 -42 -17 100 -63 58 40 91 46 30 -30 -86 44 69 11 -35 -97 -29 48 95 -5 -87 -43 42 31 11 -74 2 -40 -53 -22 -86 -75 -48 -20 81 
-77 -82 77 0 -55 47 -47 -98 -73 8 -47 -7 26 -81 8 -62 -34 24 -17 -100 33 45 31 99 89 -7 -83 -8 -48 16 17 13 -28 -57 19 -40 12 33 -54 74 -75 47 5 4 -95 -68 -99 99 -54 -69 -2 -57 40 12 40 -66 34 -25 -59 -56 -65 78 -33 -20 19 64 -52 49 95 -88 73 25 -97 -39 26 -96 22 94 -14 43 
74 -7 -53 24 -32 16 -32 11 -51 -33 22 -1 87 13 74 80 31 24 39 -43 -22 -13 -84 66 2 36 28 63 -59 17 -22 -40 -58 -7 -52 21 22 5 -74 3 -97 68 92 -3 38 3 9 -78 -31 -87 72 -78 17 40 -88 28 88 64 -94 -100 66 -25 -41 -80 76 -53 78 -64 47 -24 73 -96 91 -47 35 -97 -63 35 -4 -13 
93 -47 66 -56 52 -34 -48 23 6 36 -32 43 5 -12 77 77 38 23 0 -52 2 -63 -39 -58 -34 50 23 -16 -75 -54 -86 -52 -91 -55 -37 -40 41 93 12 91 -66 26 23 -11 29 70 -55 13 8 30 -74 26 69 -54 -62 -27 97 63 33 32 -50 65 49 -24 -52 11 63 -16 89 -23 7 33 -72 47 -53 57 36 -49 77 31 
88 -32 77 -22 -76 -82 -83 -48 -69 37 25 33 -44 -19 -16 -13 61 -53 38 26 -87 44 70 97 -62 77 -32 -47 11 -5 -62 -57 58 -66 72 -77 80 21 -100 57 52 -22 99 58 -42 -37 -43 -66 -4 -38 0 94 -81 -56 15 -30 -82 -82 -98 -1 -100 -69 -85 90 -67 -81 -100 -64 -89 64 98 31 -36 -53 -23 -82 -21 -79 -4 49 
90 64 -71 3 13 92 59 57 -32 73 37 -26 -61 30 -72 -91 65 -96 -63 31 30 48 33 -21 -73 66 -85 71 57 -81 11 67 99 95 -3 -32 -29 -93 52 36 -49 -74 14 -25 -75 -24 -89 8 -75 26 -58 7 5 98 -41 79 39 -52 -50 9 -63 35 -44 51 -61 -33 -47 66 53 71 42 4 48 97 32 51 -32 -57 91 -70 
-11 -91 -76 -55 -91 64 80 38 6 -91 -91 91 85 35 -31 40 -60 86 -90 -79 61 -67 94 92 46 -74 52 10 4 12 50 -77 -43 47 -50 78 -95 53 45 -47 13 70 -52 -17 95 57 -4 59 65 81 84 -56 13 82 -40 52 -72 -9 44 95 -60 -100 27 -84 -61 69 -88 92 -60 -100 56 92 -18 38 -25 59 -95 56 40 -22 
-80 -55 21 -39 -79 5 -14 40 -44 -1 57 -55 49 -26 -85 -32 46 -98 74 93 24 99 -11 -64 93 -8 73 -2 99 -43 63 -80 96 -53 -24 88 1 -31 -14 -44 -63 1 -86 0 59 -80 6 93 -24 58 -34 -64 -84 24 -99 43 -11 7 67 90 -13 -56 -64 38 -42 20 -42 -2 67 81 -22 -63 -48 87 -2 -57 -8 -52 -75 86 
-19 2 56 62 91 -100 -80 92 -6 21 -64 98 69 55 60 16 -85 -52 5 58 31 -80 4 93 59 98 8 76 55 -18 13 -48 -72 -37 -33 -32 15 25 72 32 93 -89 -46 -23 -13 -29 35 -53 38 -32 53 -68 8 -30 14 3 -16 -41 9 77 -77 27 -85 4 -28 69 -81 -100 -38 84 94 45 33 47 -16 45 27 1 41 -66 
11 78 35 5 46 82 76 -58 -97 -35 -8 64 -44 33 -31 -92 72 29 47 -53 34 3 -71 -7 66 -89 -94 59 89 59 24 -57 -21 -49 -78 -69 56 -69 15 83 -63 70 -60 -1 -70 -65 -90 14 -51 -95 24 -96 -6 47 -13 0 -12 -5 53 -16 8 -99 19 -20 0 -41 -95 -37 76 -1 -16 70 -84 -7 45 -16 37 66 62 -9 
-54 -81 47 82 75 42 -25 -61 86 -27 79 -8 -50 -86 37 -55 97 95 68 -53 59 -51 53 -7 -62 1 -39 -74 -48 59 55 74 -68 49 -7 -35 12 -80 -20 39 -43 52 38 53 -100 50 -61 76 29 -80 -42 -17 100 -63 58 40 91 46 30 -30 -86 44 69 11 -35 -97 -29 48 95 -5 -87 -43 42 31 11 -74 2 -40 -53 -22 
-86 -75 -48 -20 81 -77 -82 77 0 -55 47 -47 -98 -73 8 -47 -27 -86 38 -81 8 19 -78 -17 -91 -48 78 70 -71 -9 35 -83 65 -77 16 17 13 -28 -57 19 -40 12 33 -54 74 -75 47 5 4 -95 -68 -99 99 -54 -69 -2 -57 40 12 40 -66 34 -25 -59 -56 -65 78 -33 -20 19 64 -52 49 95 -88 73 25 -97 -39 26 
-96 22 94 -14 43 74 -7 -53 24 -32 16 -32 11 -51 5 40 10 -43 13 80 96 -100 -98 -52 69 -13 -84 66 89 -66 28 63 -59 17 -22 -40 -58 -7 -52 21 22 5 -74 3 -97 68 92 -3 38 3 9 -78 -31 -87 72 -78 17 40 -88 28 88 64 -94 -100 66 -25 -41 -80 76 -53 78 -51 47 -24 -86 -48 75 86 32 -83 
-42 96 -12 -91 87 -15 95 69 70 14 69 -30 15 -58 3 94 -13 94 4 43 14 -73 -62 6 65 22 57 19 23 -8 62 -52 -91 -55 58 -40 41 -31 -60 91 -77 -19 -31 -15 70 -55 37 8 30 -74 26 69 -54 -62 -27 97 63 33 32 -50 65 49 86 -54 63 -98 1 77 20 54 -46 -72 47 -88 68 71 88 41 24 -88 
79 -26 -22 -82 -61 88 -79 39 68 -99 -48 -19 -16 -13 81 -53 38 26 -87 44 35 40 50 -85 -60 16 -89 21 -43 36 -89 -31 30 38 46 54 35 -6 -54 93 -90 -41 89 -52 41 -80 -65 71 -38 0 94 -81 -56 15 -30 -95 -43 -57 -79 -58 -96 -22 18 -66 10 3 30 -84 -1 -20 -35 87 -31 93 1 34 86 -4 38 90 
-41 94 -28 -82 58 13 65 8 19 60 -74 -22 -79 14 -47 94 -72 61 -66 36 -8 44 -79 54 28 -9 13 -60 32 -54 68 -11 -98 -5 -52 37 81 -52 10 -65 99 -10 0 16 40 -47 55 42 73 85 -26 19 56 -48 5 39 -52 -6 -99 -85 56 29 -25 -33 -47 66 53 71 42 4 48 97 32 51 -32 -57 -56 -70 97 -44 
74 -15 64 86 -91 -66 -97 21 22 -25 -74 -15 -81 -91 75 -11 98 -53 87 -47 52 46 -74 52 10 4 12 50 -77 -43 47 -50 -1 -83 53 45 -37 -51 -53 -52 -17 96 95 48 -70 -59 81 13 -56 1 99 -82 -18 -21 -6 -24 -48 69 -51 -13 -52 25 37 -100 56 92 -18 38 -25 91 -55 -98 76 -22 -80 -84 -67 96 5 -14 
-96 -34 -27 79 46 12 -82 61 65 -20 63 -79 93 24 99 -11 -64 93 -8 73 -2 -5 26 -35 -29 -53 -27 67 -18 -95 -14 -44 -63 1 -86 0 59 -80 -64 93 -24 86 -8 -71 -84 35 4 -22 -85 89 -36 37 71 0 -41 34 85 -17 -99 -87 -27 -48 -57 -58 24 77 -25 -73 14 -28 -52 85 -3 8 47 -95 -24 -83 -80 92 
-6 21 -64 98 69 55 60 16 -85 -52 -65 57 -81 67 -26 74 -82 -12 -12 8 76 -13 -18 13 27 -72 -37 -33 -32 15 25 72 32 -39 -46 -23 71 45 -29 -34 -53 38 -32 53 -68 8 -32 -85 48 81 90 9 -3 -90 3 94 100 -1 0 12 80 20 -35 98 -95 47 -16 42 71 -90 -75 -66 11 71 -28 35 5 46 82 76 
-58 -97 -35 -8 64 -44 33 -31 -92 72 29 47 -53 34 3 -69 7 -39 28 85 89 59 24 -57 49 -49 -78 -69 56 -69 15 63 -63 70 -60 -1 51 -81 -26 40 -37 49 -24 12 -73 13 -71 0 -12 -5 -8 57 65 85 -37 16 -94 -35 57 77 99 -33 70 -84 -7 45 -16 37 66 62 -9 -54 -5 47 65 -67 -43 -33 -56 86 
-27 43 40 97 -83 -78 53 -84 84 75 -11 -53 34 -51 -75 -70 40 -39 90 19 2 74 23 38 89 -14 51 28 99 -66 -7 27 -97 69 -86 62 -67 -65 40 -25 -13 -42 -10 40 -22 7 -87 -1 23 18 63 66 -30 47 -88 -78 -90 -41 96 -13 31 80 -43 42 -21 -76 -3 83 40 29 45 -84 -69 4 -20 81 -77 -82 77 0 
-55 47 -47 -13 -77 8 -7 46 26 91 -44 -61 -34 -78 24 -91 -1 33 45 31 99 89 35 -7 74 65 -77 -49 -100 -60 -15 82 28 -3 3 48 -58 26 -72 47 88 4 -95 -68 -99 99 -54 -69 -2 -57 40 12 40 -66 34 -25 -59 -56 -65 78 -33 -20 -29 93 -9 50 -35 -2 -37 -18 33 -46 73 22 94 -14 43 74 -7 -53 
24 32 -56 49 -51 -53 -33 -23 -1 87 48 80 31 -26 -76 -98 -52 69 24 30 67 89 -11 28 63 -59 -93 13 -27 -7 -52 21 22 5 1 28 48 68 0 -76 -34 -36 100 -8 -27 3 -87 -35 -1 55 28 88 64 1 38 -21 -45 77 -85 91 26 61 76 -82 -24 -86 81 86 32 -83 -97 -63 35 34 16 -26 99 -45 28 78 
-56 -5 -48 -47 -12 -91 76 52 -34 -48 23 6 36 -32 43 5 -12 77 77 -13 94 4 43 14 -73 -62 6 65 22 57 19 23 31 -54 66 -44 73 -74 81 1 93 12 -60 -15 26 23 -11 29 38 95 37 36 -48 41 -34 -11 81 6 58 -30 -89 35 4 -100 -12 32 -52 99 63 -98 1 77 20 54 0 -39 -60 -53 68 71 
88 41 24 -88 79 -26 -22 -15 -83 -48 -69 37 25 33 -44 -30 -25 13 81 14 81 58 -70 69 -98 97 39 -62 77 -32 -47 11 21 -43 36 -89 -31 30 38 46 21 35 -6 -54 93 -90 -41 89 -52 41 -80 -65 71 16 -65 96 -8 73 -33 94 -82 -82 -57 -79 -58 -96 -22 -85 90 -52 10 -100 -64 -89 -1 -20 -35 87 -31 93 
1 34 86 -89 38 78 -41 94 -28 -82 58 13 -17 57 -32 73 37 -26 -61 30 -72 -91 65 -96 -63 31 30 48 33 -21 -73 66 -85 71 57 -81 11 67 99 -5 -52 37 81 -52 10 -65 99 -10 0 16 40 -47 55 42 73 85 -26 19 56 -48 5 -52 -84 -50 9 -63 35 9 29 -25 -94 63 60 68 49 -1 70 51 38 73 
51 -32 -57 -56 -70 97 -91 -76 -55 -91 64 86 -91 -66 -97 21 22 -25 -74 -15 -81 -91 75 -11 98 -53 87 -47 95 11 -12 13 37 -96 24 99 91 64 13 79 -1 -81 8 61 -37 -51 -53 -57 -7 95 57 48 -70 -59 81 82 -40 13 82 -40 84 -56 1 99 -82 -18 -21 -6 -24 -48 69 -84 -61 69 -88 92 -60 -74 -65 -71 
40 -8 22 -55 -7 40 -31 -82 -76 21 -39 -79 10 -96 -34 -27 79 46 12 -82 61 65 -20 -98 74 -7 -39 -3 -12 52 65 22 93 99 -43 63 -29 -81 -24 88 1 -31 58 32 -26 -94 -72 -58 -4 -82 95 -64 -77 26 58 -34 -64 -84 35 4 -22 -85 89 -36 37 71 0 -41 34 85 -17 -99 -87 -91 -48 -57 -58 24 77 -25 
-2 -57 -8 -52 85 86 -19 2 56 62 91 -100 -46 -58 6 11 -15 -94 -2 88 54 60 -25 52 5 58 31 98 -26 -16 93 59 98 16 -94 58 -80 -85 -15 -48 67 -78 15 58 54 -10 -54 -21 -39 -89 -87 -47 -13 67 18 -56 -15 -32 -84 -11 -21 -32 -85 48 81 90 -55 77 -77 27 3 94 -28 69 0 12 80 20 84 94 
45 18 65 -86 45 27 1 41 9 -79 78 1 4 -1 -19 75 53 13 81 90 -70 -89 -36 51 45 -66 -59 73 40 -90 12 3 -69 7 -39 28 85 5 68 -41 -6 -14 -21 88 -35 -71 -46 34 -92 63 42 30 -92 -70 -65 -26 40 -37 49 -24 12 -73 13 -71 -14 -33 53 -16 8 -99 19 -20 16 -94 -35 57 77 99 -33 6 
97 -19 -19 34 23 -56 -30 -94 -68 -5 37 -94 82 86 42 -25 -61 78 -27 43 40 97 -83 -78 53 -84 84 -60 68 -53 59 -51 24 -97 -62 1 -39 90 19 2 74 23 38 89 -14 51 28 99 -66 -7 27 52 38 53 -41 -67 -65 -61 76 29 -13 -42 -10 40 -22 7 -87 -1 23 18 63 66 -30 47 -88 11 -35 -97 -29 48 
95 -5 17 5 54 -76 -3 2 -40 -53 -22 -86 -75 74 80 92 50 -58 5 42 89 16 66 -77 57 -47 -7 -86 38 -81 8 -62 -34 -78 24 -91 -1 33 45 23 -71 -9 -10 -7 -8 65 16 17 13 -28 -57 -55 28 -3 3 48 -58 26 -90 -80 88 -20 29 63 60 -49 -98 8 18 35 34 -75 67 -4 -80 -91 -39 71 -25 73 
2 -81 64 -52 49 95 -2 -37 -18 33 -46 73 100 -67 100 -20 -67 -79 84 40 -94 32 -56 49 -2 36 5 40 22 -43 13 74 -38 96 -76 -98 -52 69 24 30 67 36 -66 -73 65 44 -93 13 -27 31 13 -31 -18 54 -25 3 -97 68 68 0 -86 38 -34 -36 100 -8 -27 -87 72 -78 17 40 -88 63 -50 1 -94 -100 66 -25 
