40
34103 -44675 -14400 35291 -137 16039 -7679 -6653 -6290 25281 23302 5891 4792 -32877 -26604 -2530 17888 42123 -32610 -46153 -32658 -19103 -19729 -6553 3030 11728 17629 9632 -26871 21418 -17133 -9090 20286 8920 -8609 26865 6125 37146 -7426 -19797 
-6642 -1962 610 11992 9284 3922 66551 -2178 -31845 4233 -4762 -31541 26923 11189 15159 -7703 -24668 -32217 23665 22238 22611 -35421 -4637 6336 8982 -33361 8419 -24227 -19081 -44796 41899 -29937 -652 -43061 23306 42777 -56312 -12170 -32001 3756 
-24184 -5790 -36732 -5640 21049 22923 40340 -14156 -13934 -17090 -4096 -11978 24688 -10899 -27896 -13289 4635 2850 19368 10780 2959 -24707 -34059 -2952 -12550 -46400 12179 -5411 -6277 -7742 25140 18492 2621 6036 11161 43779 -42027 -9885 12459 13450 
10245 33694 20758 -12608 17370 -133 -2267 3131 26032 -21068 11591 -2919 -18269 29652 -6926 10537 -350 -22242 2129 -11498 38585 -9642 4772 3976 9729 -6236 11498 -15042 34930 34474 -7993 -21230 25516 -34693 11312 -46954 10757 -7136 7191 -6986 
-7148 -26995 -23602 -22121 22955 6488 17748 33755 -16142 -23825 8121 -29210 -410 -6982 -25169 -19740 -26788 -7481 -28912 16835 14481 8860 -14587 13631 -11190 13010 43443 9856 -68117 13447 14297 26064 -31971 -2280 -2780 11932 -9546 -17239 28115 -2267 
-1115 -878 -13168 3891 -26888 -24360 18177 -5632 32074 5627 -19937 21539 10273 -20762 15832 9733 -37287 11052 -12530 -5469 38589 -8881 14801 -21719 -2647 -13218 1336 12900 -25636 -38689 20969 1306 -12749 -5855 27290 -17809 20345 13856 4968 3619 
2832 -19982 14902 -2011 4380 15126 3612 -3203 -25244 -21149 -15009 -3987 20241 -45634 16551 -10069 -24241 6677 12881 23959 -12577 33889 3666 17091 -12989 41358 -28453 -4574 -35335 1390 23939 23704 -37668 24580 22659 16305 -22821 1561 38554 41584 
65187 17986 5817 22242 15839 -15777 -23233 -47740 -50399 19933 -12604 3899 5162 -17711 -30340 1214 32507 35971 33553 -35231 -13463 -6154 -25765 9179 2820 38094 -3414 -36930 241 3893 -7063 6383 31979 23070 1541 9573 -28201 -3426 -50067 -5890 
-5064 9069 13860 -11104 29899 7124 -17105 11509 18353 -1350 -21783 3182 1575 21235 10986 -1107 21987 -3112 25430 -26685 9691 -11149 -18744 50252 -2882 -5422 -7634 24871 39440 24270 1588 3354 17916 2060 3947 -20947 20702 25966 32432 28523 
-8880 3876 2309 -1798 -20404 11805 -49699 8087 2519 9842 19918 14874 -7588 24397 6582 -22061 30171 15958 -3950 -9687 -35545 -2506 -4052 27481 -22535 -1298 5612 -16207 3583 17025 -30702 -8436 17236 2856 -6573 -31784 26951 6246 -1882 -21980 
-34865 3114 -22541 18497 -9063 8205 20072 13767 -49657 -33013 3792 -11391 7032 -990 -24554 -28369 -760 -16666 -3017 42915 7167 -9514 -11630 -11592 10098 -5054 -18765 -30767 -17848 -13294 7982 -24126 4202 32975 -14142 5670 -37940 -31006 -24895 13975 
-3110 -6113 9829 18723 -14953 1830 -13367 -15576 38626 9043 -15961 38316 15868 -19742 -4191 7116 15893 37818 -1202 -24575 -9089 -649 -30531 -6324 4437 -28935 19651 302 -911 -125 14553 2537 20124 23026 45494 -16095 20216 9311 29748 11716 
19257 1214 54703 9270 -29174 6738 -18892 -40733 -10995 16400 17324 18598 8444 -9198 -2447 20916 5022 9693 31397 -22176 -30969 11008 -14502 19811 4600 12933 -2711 -12570 10262 10826 20043 5014 27694 11609 -8061 -697 4128 -19452 -24751 21859 
8231 11285 6869 8790 -9815 -42018 -26715 -7242 1134 -2757 2916 -9458 -2535 -11618 24738 30294 21962 -23390 -15254 6935 3556 -14228 -2387 6425 -11461 2129 8233 -15011 -44386 -25751 18819 21062 33263 21614 20697 17475 4949 15067 -5804 34442 
23446 -34587 313 3986 9532 13508 39388 -7979 -13897 33746 -31545 8515 -24726 5281 5655 -400 -13038 14467 6893 18096 4925 4115 -21725 -12485 -2582 -19751 -17777 -911 6400 -9568 -11404 -11628 -22218 -8606 -10807 13974 -37602 -7246 8960 18346 
7777 -24347 1175 -11053 -6057 9305 20837 -3591 8100 -34523 -522 20398 31900 -27986 -17195 4683 -27850 29549 -366 9255 8352 6478 -18284 -15659 -22435 3515 -11933 24060 -2531 26222 -4657 15200 -46111 9470 -9560 -2529 -24804 -31475 21654 13308 
3463 12841 29100 13438 724 -31779 -20015 -12338 -31548 6373 -26413 9297 -20781 -17720 6172 22082 -23219 -11104 6876 -12373 18130 14874 8980 12478 -13195 33279 -15441 16110 -24999 22028 -7996 23685 6035 17984 18516 -1180 18410 25878 19894 -1615 
25573 -9088 1457 285 88 -17968 -28639 12402 -16301 -677 -8223 41186 -15974 -22586 -3046 9389 16834 25416 292 -18065 20056 12749 -12879 -13705 15416 17766 -37541 -24065 -25095 22709 22370 22192 16510 50311 -3679 6104 -11674 1496 20066 60959 
37191 -12068 51676 10583 -23405 -45966 -23746 -30236 -15090 34525 1975 33648 3421 -12557 12731 28058 -9443 -10767 9230 -24378 7993 27351 15264 8095 12945 -7834 8722 -3239 -5548 -10802 9389 25968 8641 -24399 41105 -1476 18594 28434 2502 36696 
23488 8355 -11280 28752 15760 11287 -3291 -34949 22048 9980 -14846 -10355 -2206 -34562 8411 6076 -36378 -5072 5370 -14178 -5681 50186 -22851 -18313 35590 708 21192 15448 12142 5109 3124 17865 -981 705 8153 7775 -24164 -8158 5451 9209 
31929 11451 27271 36275 4442 3693 -18093 -31294 -27622 -5170 -10404 -5677 -17135 -17808 -21691 -4190 -26857 32865 -27504 -15041 -12700 28103 -43945 -13263 -11770 30414 8431 -2602 -35043 8359 -27937 15979 -11708 -6752 6842 43580 -3196 -15129 15428 5950 
-25352 -10484 2239 -6985 -13678 -7534 10741 14402 27163 9101 -3171 -6691 -2619 -13000 36882 -1020 -8357 24638 30149 1802 -7677 6423 -385 -1687 12205 42007 8625 -34029 -3222 -27043 21184 -22165 18378 -9144 38100 -15887 -23456 5523 -1712 -2538 
-28742 8314 18015 -21823 39168 -28092 -20332 22670 26475 -13997 -54126 -38 -8768 5899 28545 267 -12591 -21379 19832 -19656 42010 11488 19756 -10676 -8176 30280 10540 -30689 -3925 17782 -3740 -4357 10606 -12448 58641 -41072 26233 25520 20166 4552 
4535 18096 -48892 5950 -3292 -890 -8277 -12710 -8980 9852 9055 -29859 5896 -30936 -42434 26576 -4394 14450 -24769 -3079 -5519 2766 35403 -17142 6662 29597 40992 872 -26829 7757 -823 -6325 -39012 -11344 2646 -26169 -7912 9239 -38580 -11846 
-15288 23828 28976 -209 4766 -1262 -37518 -29758 -13078 8917 -37656 -23851 -23454 -2160 24246 24486 -27125 -21081 8960 15709 15563 47999 -14673 -6776 5456 29086 5192 -11057 22355 -16605 23738 34350 -12993 18809 24005 -1064 -1740 -32528 -10095 53190 
-7494 -29904 -21801 -16139 -48388 21341 -20289 27157 -2628 -9925 23667 28816 2484 -4660 -16760 -46072 42335 27503 22610 -1944 -22659 8885 -10295 25112 -26698 10912 -8860 8911 -10401 25881 -16976 -15571 -13743 25272 -44505 -25979 -6692 9504 3775 -5379 
-17252 -2280 28072 -4471 29514 28966 5896 -27907 -43372 -8932 -22611 -9649 23489 -8382 -4117 -6793 17556 -19169 42564 -18814 -15299 9891 31193 202 -15478 18108 -3121 -13180 19789 24246 -381 22248 -46996 20182 -26013 23654 592 5656 -6741 -6336 
19392 -20596 -15244 -20109 13676 -23440 18355 48887 6982 2868 -8155 33342 -1568 19279 -5285 -25621 30943 9082 19896 -24706 -17448 -34626 -1636 -23491 -13523 -4116 -31359 -3975 -10468 9740 -17428 -24268 27643 -8127 -1242 -12896 12105 29304 19643 -18791 
-2971 -9463 -35694 14544 46794 23638 23334 13656 -31917 -13666 -13109 -15834 7572 -11870 -30562 -1409 -25269 -8323 -15278 -762 3979 -10690 7724 -23959 6472 9293 5714 27452 -18137 35440 26009 15090 -12870 17446 1488 1192 -8575 24591 34177 -4128 
20358 6737 17274 11743 8294 -3980 12339 -17802 563 -19338 -32800 16218 45796 5051 63576 -25365 7148 -5726 30546 13081 -28303 -24382 -4242 -15127 -16014 -27216 -42200 -43913 -25068 -22798 11576 -17283 9469 7868 17139 12419 -43296 14560 -3666 25687 
-59574 -3636 -53612 28701 -13636 -20607 -4317 46217 38200 -4487 -9066 -237 14060 6271 6251 1062 -8473 -9730 -4025 -4318 -15976 10020 -3792 -9375 21472 7044 2321 -7753 2549 -25210 1337 -22337 42546 31448 35605 -49616 18247 10846 -20789 -3913 
13612 41916 5814 -28740 49321 -30962 -54532 -20823 2237 -9315 -31215 399 -28936 19917 -12144 -3095 28567 408 -4266 -42631 13468 -8862 7509 4022 -22931 6496 -5815 21804 1641 33917 -35919 6135 8866 6637 -10421 -7758 43852 35880 24018 4461 
27029 -5308 58925 1244 -26134 1944 -15554 -35045 -8261 16812 9702 21900 13480 -9438 7993 12764 10384 16281 32105 -16164 -35891 2986 -19578 19527 12142 12735 -12379 -13154 16236 3304 18161 -1558 25502 7543 -5429 -10219 -3672 -14968 -27419 26165 
8231 11285 6869 8790 -9815 -42018 -26715 -7242 1134 -2757 2916 -9458 -2535 -11618 24738 30294 21962 -23390 -15254 6935 3556 -14228 -2387 6425 -11461 2129 8233 -15011 -44386 -25751 18819 21062 33263 21614 20697 17475 4949 15067 -5804 34442 
23111 -32032 -1604 6683 13752 4092 26365 -11220 -10133 37278 -39108 4725 -18510 1995 20073 6447 -17804 12484 9945 9479 -1449 6087 -15701 -12246 -9753 -15011 -20320 6887 -2633 -5675 -5110 -10517 -23746 -2302 -8920 13198 -44200 4927 7103 23437 
-43102 -6058 -10218 -8422 -32095 -20073 8270 15266 -10498 -5446 26547 -3061 15110 -15372 -3715 24314 -35984 11128 10846 28578 -414 4821 -8298 28806 -19224 11910 -40356 38268 -14269 -11231 19041 4457 3510 11222 34663 -11370 -4261 -22244 9821 18611 
-11745 -26561 -34218 -4000 41434 53471 24275 5907 3458 8629 20144 -11697 28914 -14752 -32030 -15579 -13665 13396 10567 9132 -5953 20920 2918 3132 6324 -5033 3648 22737 30203 26230 9110 21210 -39218 8272 -11542 -15063 -2905 -33455 14742 -26048 
2896 1722 -48971 -13436 -14930 429 -7670 -13673 -16344 28952 9052 -19882 -24380 -5148 -25393 1297 -24268 3083 -13636 36864 -7724 -5388 9092 -22006 -41849 10342 -29557 -5100 -9187 -12787 -877 -7669 -30630 -31521 616 13437 -6098 11258 -7657 23166 
29972 -10727 6334 11249 38185 -4580 9720 -16075 21360 9287 -2883 -13377 15748 -9900 46300 -17487 2901 -1193 807 33745 -37271 -2404 -21261 11233 -9691 -28051 -58716 21101 7889 -33181 -7377 -14435 -4359 -12433 8467 23074 -43578 6423 26435 16955 
-17146 10955 29332 19258 5099 30396 13280 -36863 -20708 -5718 16909 -4506 41642 -5164 16663 19679 -10490 11715 18655 -19736 -15368 -8967 10392 11741 4720 -3978 9148 -56696 -8833 -686 42089 1613 11457 30958 33347 36883 -13039 -30687 -10168 8240 
