50
11619 19954 -22417 59902 -12061 -22272 -20932 -3871 17317 4259 11568 3564 30328 -16328 44643 -7710 29654 9534 35081 -14263 32580 26418 -4806 -11784 25613 -26011 13164 -47034 -6182 25516 8007 -12531 -37775 -15504 -9212 -29292 15458 15087 -29229 -13375 2851 -2171 32605 -3540 -31942 -17918 52621 1546 9135 7932 
14077 20791 18411 50975 -12419 -11872 -45303 -11606 9564 22056 -14496 122 9105 -7617 9570 3630 22105 30247 31845 -22599 -24013 9201 -12719 43678 28336 2934 18607 -8393 37302 9666 -1214 -6548 -11398 -34127 -27665 4949 14030 18426 7044 13286 4676 1340 5231 -1991 -9718 5063 32577 4349 -12633 33915 
4707 -23118 -25663 1329 4310 -2834 22061 -46220 8925 17093 36142 -13571 26236 -1377 -25216 -8293 -8221 -39562 19544 -9763 -11269 39585 51285 4536 -13500 4103 -55110 6574 9980 -65416 -38286 24380 48175 -1914 -5163 -47237 -4620 4841 -53299 -9506 -8870 -39511 1030 31484 -7310 -18063 -8507 32352 61787 -17680 
-7038 10902 -1079 -21744 -22079 20794 40163 65104 20928 36187 8026 -12737 -17948 -8555 56111 3479 28677 -7313 -27432 35560 -19775 -3036 -35015 -62387 12946 37732 -57702 20381 11082 -18864 -23682 10715 20619 -12181 26846 5823 -14738 -21875 -1992 -2891 27858 -29047 1900 51775 -47017 -29874 -13567 13515 23308 -44150 
12236 36992 -6588 29704 -16085 23595 -12022 21124 4477 40205 -186 -17031 3236 -1863 54353 -14896 11801 34499 -15117 16078 -18537 180 -32127 -26245 16680 10574 8242 -22142 17318 8437 -20101 7849 -37750 -14705 17008 3672 -8423 -2565 -3308 20215 -3409 21043 32414 30904 -42990 7084 19692 -15063 7758 15341 
-32112 21042 -3133 -26622 -17442 20007 -22441 18967 -975 -12720 -31683 -14108 -7331 -7488 21374 -4680 -2623 27894 29710 -1929 71791 -28820 48312 -2940 -3109 -39465 -25226 -10103 -466 -11824 33780 16851 -40726 569 882 12780 -66517 -23057 7941 30975 -50545 -33809 -7039 -45144 2723 24789 -24854 -20605 16922 6880 
-7137 27131 250 10865 -12004 24820 -83816 19361 -15503 9672 33981 -4731 -23830 5153 -20481 6953 -17802 30673 -430 15475 -34430 16910 -19278 21088 -29667 -9611 23708 -3274 9157 20975 -5773 -17250 36810 2856 -14214 23791 26558 34962 -13927 10203 -19649 -5543 18621 -25890 23597 -36565 -424 23214 -18830 26095 
40388 8698 5390 -10751 -8791 5439 -9592 30467 19902 21285 2045 29752 -10973 22695 -4844 -17027 2685 48902 8759 9977 -17571 4845 -11846 -43730 14959 1758 -20605 9119 23921 -18696 -20045 14680 -30985 -49846 -10095 16989 -32450 -48956 -27333 1509 30960 -22276 41451 38714 -66570 11627 5072 39056 -22703 -5496 
2488 -2028 43017 19257 -7132 -2669 23515 15215 4565 18303 -4567 -9608 -6637 -25304 -13176 37409 54563 -24524 -33285 -20037 -23942 -23570 -4520 23138 -9081 21162 23585 10192 19808 42423 -7224 31372 31995 -5818 -5255 -33991 -10771 52414 -11578 -16227 -332 5089 12684 14838 3804 15199 11156 -28877 -9243 -41799 
-33284 -9923 39249 -34094 -8281 -31724 -10163 35088 6573 -11559 -15144 -15566 -24384 -43591 7274 6424 44199 3253 -38655 -1348 -2736 1098 -13756 23231 17899 -31034 -9389 -10752 -11826 13428 4582 25722 29973 -19925 6526 14189 -24628 23278 22535 23114 26000 2527 -10838 9031 -4260 35269 14306 40205 8895 30223 
4996 -28777 -4560 -18392 8711 -12609 21395 -36380 -25263 24804 1481 -1098 12601 -19913 -12585 1247 7311 -22977 8152 6459 -13903 16308 -1202 17694 8412 -12563 -37621 -4218 -20105 4327 23754 189 29353 -14178 15557 -13456 53859 21625 -12039 -1282 -21533 -12963 -36113 -12319 -7959 11047 -8570 -31991 39542 20245 
5062 -1502 -15186 1032 9105 14849 -14570 -2221 29082 -9819 25117 1710 -11172 29896 35156 -21349 10598 -4302 -44312 -30305 6009 -4870 -22886 -29530 -26698 -24524 20022 -15666 -35228 -26 -29571 25503 10519 39521 7403 9312 -29638 -2735 14293 -11632 5384 -3855 82059 26223 -2932 8078 -11303 43018 18673 -2693 
-18775 2831 22728 -28604 5069 20192 -4405 20001 -5974 -16954 4443 13023 10088 -2243 -28026 -7615 -3219 21783 9778 -14270 -26012 722 58756 5082 -8134 -10292 -51947 12717 13349 1079 4142 12969 -22995 9405 -21542 5354 -2687 -28467 -789 30380 25899 10494 6444 -20087 6079 39343 9405 -45229 -41580 -17767 
-25861 20863 19547 -13048 19489 18849 -16854 -8613 19547 -14910 -5092 -18086 -4039 12487 7537 -57976 32418 -4714 -44029 -14936 10611 16053 54133 31424 -19663 30061 30820 -13498 -8017 -7503 -15126 -13855 9557 3722 -3389 -942 -21025 32660 -24403 -10679 -7479 85069 -46839 -15828 -22990 34867 41176 -29001 -11423 -17240 
-12945 40850 -33132 -33018 22556 531 -17967 34267 -18410 28339 -21305 960 -42272 1537 -24218 27804 18643 -23472 19574 36877 -20184 5304 12635 3381 88 32873 -28808 -16922 4390 -19059 -33244 12170 5360 -15976 -947 11071 -34829 -297 -6930 -32374 8254 -16087 -2219 4013 -22223 30930 27005 3160 11327 -15793 
-1438 1034 10491 17303 -18379 6775 10660 -23326 -30977 7794 27237 21594 -6438 -18032 -14855 25757 -31009 5096 9995 875 26663 -41597 21021 28442 -20247 28931 13858 -4984 35141 18011 40799 1161 -46122 11664 263 2917 863 -5846 -32059 22223 -27143 12295 -49890 -9645 -7812 1373 -7535 -56534 -39533 -14501 
5779 31404 -1130 -24909 -6887 -9957 -1131 33111 -16841 -6226 8149 3658 -62 23286 3631 6040 8327 -12677 -4575 36580 30308 16945 25521 -22946 -14081 3792 -14850 -39370 -14746 23050 6338 14004 -18377 3399 30698 6533 -47055 4951 5355 -33653 -30676 18412 34768 -35064 -3438 4845 -35082 -12314 -6201 12908 
-23383 -89 -26591 15263 -8058 35548 -14176 62338 -3987 -17211 46793 -22208 26408 -12265 1509 16846 27957 -4372 -26010 -8139 -4586 -21686 -28045 23399 -6317 916 1097 -19546 -18765 21280 13434 13097 39541 -1166 7135 11912 59289 -13998 -5347 -8895 -11733 -32322 -21196 4992 38798 -29228 -16041 23712 25037 6321 
-37239 17741 -29655 -17292 -4704 31147 -2828 32988 16687 -15404 16876 17603 -49305 49084 18688 21410 4400 -56670 -7856 -4441 40600 18163 -5471 -8292 -51140 7306 47536 -14467 -68147 -3342 -6711 -17676 2314 36917 -38126 -17883 -57530 -22399 6467 -21826 -48197 38759 -1414 -13317 -12588 36792 1538 13482 31051 2221 
-39964 11187 31889 -34539 8474 -16460 -3231 -33705 -7954 -20732 -21514 29167 10864 -27552 -35861 28997 12423 -12881 27363 -31152 5892 -12066 35926 43440 29111 -15434 -6326 16931 2873 12626 64450 28123 6605 16631 -1921 -18793 9950 30948 -5650 6257 7229 9358 -43222 -61498 16273 6823 11947 -46086 -52908 -20280 
-55085 -71051 34145 -10774 -18282 -15887 9311 -20476 17352 -25952 -36218 -2927 -8113 726 1671 -17338 -36332 17957 -18883 -19547 17156 16916 -2414 6124 3162 -18950 -2467 47272 -1357 11583 7010 28514 -26725 12168 -20393 21291 13846 7944 -7700 31866 24623 30832 -10995 -17640 -8907 -6805 16878 -18177 -37421 -34045 
-11700 18937 -7943 1619 -40817 -17108 5890 46458 -40498 -18990 5037 22362 -27038 -22358 8128 -32280 12488 6942 -26913 18495 -10978 -1940 -577 -12429 4115 6659 -31060 -43455 8973 -4176 -5712 48748 38322 14726 -29621 56147 -30280 24393 14223 -46589 50552 -3658 19985 -14985 -10136 23525 28488 -14149 6122 -46593 
5382 -428 -42185 10960 -895 1586 32639 21211 -58401 -21990 -19421 -6448 -20278 -7008 -9973 22312 -18428 -16894 28279 -26670 44382 33686 24558 4660 10152 3315 -11934 -20811 15829 15667 12143 62889 8626 -28549 11074 -4474 -42740 -9201 9328 -55958 -28348 -1055 -2068 -21558 44578 41779 -32204 -36229 55238 6756 
-34872 -6012 22165 -3204 36414 14248 -29372 -18178 -3130 27015 -30865 -951 -20789 5604 1732 -13663 -23470 31554 19826 -20712 4130 3412 48135 46173 -10304 -1640 -20136 43438 38572 15531 28842 -10246 -58968 1252 -318 -12338 -12328 365 -31607 -725 -17131 22565 -4485 -29885 -3405 2022 -12670 -17727 5264 -4893 
2059 7001 -6058 13758 53464 -24304 -5465 -10007 18368 24206 -55798 -5298 3751 12026 33326 14977 9709 -31215 6963 -8203 -23369 -19406 -27625 31738 -4559 -20952 29747 5094 -9687 55576 2476 -24416 6698 -9407 -19566 -33438 15842 10724 35294 -18943 20497 2147 4713 6846 9429 12131 27534 -7539 10109 -4943 
-23774 43764 -12890 -15941 -34685 -37204 9029 42389 3706 7076 -22821 -27529 -287 -44528 -18460 1586 -3755 -37051 -26408 -43542 4170 5090 11029 58070 29629 -3075 22262 38301 6193 10950 23697 -8049 8597 15972 -44890 -13208 -32409 -165 41043 -646 18654 33651 17206 -28753 43306 20513 16832 19751 3764 -7752 
-3119 12274 5085 -44917 17900 37581 -37674 59078 -286 6074 18440 -8421 -9199 1287 -12083 6522 12751 -4072 -19716 8038 -1529 -19801 23266 3766 -14342 9595 -18097 -13480 276 25676 14969 -6706 5414 -1839 28258 -5730 -15201 -26548 4952 10013 -4505 -19820 -21629 26659 -25521 -6535 -29607 49534 10150 -10402 
33600 -1417 -15003 38393 -27409 36033 8324 11752 25005 24823 2287 -3567 30377 1686 4844 -9505 -10220 -3487 15425 -21040 -64001 -26992 -12626 -15337 -14682 66410 8111 39710 9065 1684 -588 1912 -1540 25862 -33935 -1949 31999 -17055 -28539 -12342 20175 35839 -11298 7909 -21029 13747 5186 -38801 5818 8222 
-10986 6880 40836 -32094 -15396 6731 11092 2311 -42888 33600 19467 -20088 -6437 -3104 -33209 22440 -9104 -21109 -20453 13995 5803 2068 14268 13709 7246 27791 -41799 -9635 13917 -24756 -6382 21855 -15607 8510 32260 -32408 -7497 -4068 -39888 -25449 12139 -27074 6856 8337 8828 -14585 -18462 14212 -2136 -21198 
11520 -6555 -3920 -41829 -2780 3165 40180 32920 570 -3923 35488 -16997 26294 -6635 -34977 38488 -15641 -22730 2362 13628 -428 -44726 -7492 1989 45055 -1714 11847 26586 -2798 14088 -1148 -5761 20105 22596 20599 -30580 -9819 -70518 7142 4569 25424 -20978 9940 32481 6920 7783 -40388 4410 22639 -5708 
-18806 -12511 -15633 -25412 -1329 18153 5356 10125 -21163 -48068 8482 24455 32604 31219 -1448 7028 -7222 23948 -14472 -50010 44544 -23618 -18426 -15618 6663 -18596 21988 -2023 -32647 20576 30326 62220 -2040 12448 45930 16463 -35190 -36336 7331 8622 3424 -22505 36135 25473 18943 13724 -34748 20200 -30778 31355 
23462 -29202 -20305 14907 -8331 -4750 -1037 -45497 -51490 -21355 -18082 -6582 -2642 -18095 -4496 16804 -65858 -6996 8088 -15029 3908 39997 -10044 11954 18401 -35142 -219 18703 -1024 -19226 20483 -6182 11088 -6677 -11247 23844 21788 -18169 11107 -16371 -305 -46813 15976 -28754 61586 -7989 -34136 40176 35185 18645 
-9725 7317 33665 4858 -28397 6689 -24851 15560 19633 14833 -11821 6454 -20867 -27740 -15270 -25502 15159 23856 4740 -10885 -12875 8398 -22263 20603 4049 11983 -23473 -6943 39438 -20618 26456 9739 -11572 -30178 -46442 10490 8402 -4899 -5727 43509 39085 17735 374 1903 328 -5253 13316 41724 2284 -13180 
-22808 -4621 -26716 12692 -3044 23114 21210 49567 15850 1575 47354 25347 -21140 -8812 -9297 -17979 25823 22764 -41987 46040 -29257 39567 -34202 -7488 358 13116 -25286 26834 2118 -25403 -34063 -12578 4021 -35186 -15009 22088 32015 -22116 14602 38587 31680 -8934 2739 36961 -13170 -11321 663 -7458 16565 11034 
-8706 32968 139 -17274 -16307 41669 -1453 8703 -5263 -10684 -11586 484 9288 6921 -1219 -16603 27942 -14394 3742 -49796 27491 15487 18068 17029 -6394 22435 -34465 -36091 -12948 -11918 -5652 -19330 -5995 22960 4331 -23782 -37342 9730 -25145 32184 14234 675 18651 36842 -22266 17970 35465 23314 -26625 -20043 
-76100 -52768 -95 26755 -35656 1865 15870 44121 10058 28812 -26627 -40506 41812 -38708 -22691 -9007 -14494 8548 3244 18429 -19929 5960 -6282 5197 19569 -11118 -58074 20401 37964 1561 -40250 23366 -21243 17832 -21669 -43111 3561 -20367 -34361 -15156 15539 2353 20627 -28878 3807 -20078 -11600 -25144 44295 -11752 
17654 -8856 3631 486 -39531 -7643 56869 18712 -16016 -19266 -4842 6259 -22649 -37766 -28688 -31593 -6127 -2371 -18991 21653 -16518 24729 -15924 141 57989 30411 -13240 16054 12002 -62111 -6320 -8607 35709 -12663 -27397 17033 -6549 -11882 26440 -23534 55364 -1451 -33561 12924 -5118 12691 -1538 16378 44046 -18823 
20226 -21674 -15653 -14179 39644 -70198 18235 39829 4569 17524 -826 9982 -45289 11820 29504 -34455 6605 22493 11680 11081 -25896 2920 -17653 -13127 11713 -32508 -791 3425 2192 16703 -15905 26219 34071 -63267 11057 32324 11668 8192 39711 -21515 24396 158 -11181 16755 -1336 17957 34666 -12945 23483 -1588 
-13599 -10752 31778 -17931 -14893 -22145 205 7690 34817 16673 -44460 -34913 16794 31644 14864 -20312 -25597 -20875 8498 46156 -19146 -1892 21091 5041 5086 -29158 -52528 33016 -2898 -9098 -39592 -25534 23997 26334 -9570 -26756 643 10237 35958 -13486 -5208 -20149 -22737 -29844 -21992 10059 18640 -45668 51023 -5134 
-38778 36768 -52478 28627 14754 10793 19409 16437 -17939 -25582 10758 36858 -19323 -36946 -18341 -26974 5960 39827 -15967 24049 -9474 44739 -7735 -27819 24128 9448 -13095 -11681 29174 -49956 -13799 5296 23757 -41754 -13596 18295 -16498 -24885 15823 -16645 8438 4934 -5342 -6361 16901 335 4500 -1330 31407 -17584 
1153 -2934 8000 1310 -48274 -22033 22571 -37918 -32958 -4955 -5890 -20284 51388 -8730 -15423 -49193 -30464 -5468 7213 2659 1252 -7297 -10193 33076 -49118 19646 -8487 -6709 -10367 2465 6468 -90 -44464 17128 5869 -21030 34129 -2968 -11101 21990 16273 21434 -14787 9172 -9638 22987 32928 -12092 51436 25325 
-24712 11529 -36490 -51770 -25791 -6759 -8763 68841 20172 -27400 -23398 -15396 -18431 12205 32088 2200 15295 -33297 -10390 2647 26266 29037 -29269 -29637 17775 -38792 -19038 -5731 -79673 16007 -52762 822 43437 60 42526 20314 -68766 19803 46266 7850 -8352 -28707 24623 1219 -28281 2787 17398 40258 -8294 36545 
34225 41200 -5585 -21728 -6381 -28217 -39693 5222 44426 -402 13312 -1063 54857 13025 36550 630 -12861 3968 -2010 39455 9758 -18579 -20226 -45621 15504 -34474 -38302 15226 -19504 11008 19872 -36119 -2492 46149 55161 -2754 45374 -25004 22498 46584 -21816 -50334 22409 8415 -23356 -73085 19157 17109 -22115 34973 
3473 9506 -20503 23625 20137 3266 -19210 50933 -1858 -15032 16777 33814 -44970 -7563 -33717 3699 19862 44269 19376 36006 -14721 28869 -6321 -17674 4817 4169 8852 -13626 4919 -488 -27787 2121 -13928 -18711 -19841 27211 -11223 2980 -9954 -10650 -4221 -14362 37086 -199 -17722 -29271 16898 22832 -40316 -11999 
-13599 -2256 -7245 -730 -2834 -11889 6277 -14062 20840 1333 6615 -10791 70303 -12495 -21594 -22293 -28644 -4413 -12785 49 -30171 -4808 7388 26076 32293 -14876 -11618 21855 19308 -28012 20413 27370 21955 -6674 17358 -18016 33536 -31898 9878 7473 -6893 -12731 -27004 -22387 35875 -20766 -17002 -2078 38556 21333 
-3347 -31821 2346 -2010 8316 17918 51784 -14098 -1914 -11518 5596 19843 11334 27071 2188 34716 -41366 21223 -8294 5857 -32033 -1421 -11871 -7432 -3218 25367 5968 45722 21276 28634 8140 4405 -33427 -14692 15031 20422 -33320 -24965 21396 8944 44025 13057 15885 26433 21921 26347 -32584 -12375 6537 18080 
-26558 -6889 7208 -21896 50766 1572 10015 12497 16717 -30398 -42069 -24504 38046 812 -11008 23091 -22731 -35554 -2417 -17215 -10274 -2195 28350 20670 18207 -19027 -36739 6056 -4267 24925 -10146 -12489 17162 8366 52292 -29698 -16207 -15181 28193 -11258 -3144 -25832 -14481 5044 21549 2755 -7954 2457 -13094 -8478 
7877 7998 34721 -32473 -1692 -4709 -325 -4898 -2159 18651 5692 22048 20911 29831 -19318 41649 -46640 -27498 15515 16790 -23237 -8167 20789 29902 36770 -47146 -41603 -13633 4640 19664 671 -17796 16245 28138 37872 -19426 -25983 14654 -9030 -31327 -6179 -51957 862 -44731 -8025 14341 28458 -41385 -35884 -262 
-30460 23401 -16853 -570 32718 44080 -37537 -9471 -31338 23551 -24178 -45483 10651 -8424 -16706 -2990 14301 16953 13822 -44059 39166 -19739 33983 -9660 22856 2936 22257 3841 5141 -25486 5196 19183 -8304 -29479 -6076 -39330 -25839 -25029 -50745 -49873 -4908 -17018 4980 -16115 20060 14906 -46209 4414 7093 -22054 
13212 43027 -14693 28023 5307 -20166 -2857 14895 5113 28398 13038 -18480 -10117 -23649 7504 1298 26456 46719 47935 -24989 33216 -8429 17277 -1284 16603 -14480 -31264 5808 57321 14188 18145 -12155 -17513 -3786 -27140 20928 8016 25470 923 -18860 -15584 1822 29727 1703 1162 19195 33546 -52356 -25589 -18139 
