20
-6982 24527 9060 5302 -15809 -11780 6835 27196 -5898 -7857 -2196 -5748 9652 -25610 -20246 -22722 -5245 11953 7998 6501 
-14681 1712 -2091 7720 13171 -21664 5623 -13358 -589 -5055 13749 -12867 -1930 6324 -10721 8944 -29485 3781 -11128 10650 
14725 -9331 -5842 -3545 -18503 -13960 19170 -3131 715 2048 10155 13539 5500 -13128 -10509 7823 -11164 -11911 -336 21276 
8640 15347 5194 -15162 2828 -17412 15501 -5094 -3171 13853 -8473 -8213 2688 2728 -17929 -8436 -7928 -21692 12443 -771 
23493 27613 10641 -666 -1136 14305 -15236 5227 10227 -398 4374 -6475 -4673 -14585 -11502 -15045 13653 24920 13863 -10733 
7375 -22904 -4208 12426 221 583 -18407 3924 -16892 14583 -16346 9007 -12581 7191 26513 23046 8654 -9315 6385 -37234 
59363 -2424 -8821 -17888 13458 10560 -18977 -15477 16131 9322 5055 -5560 776 6779 28483 -3745 7863 17495 14365 -31667 
3560 -885 5122 5341 19016 22992 11935 1537 18750 -40522 675 4652 -16416 7118 -1829 -4246 15292 6717 -9990 18437 
16750 11693 8478 6677 2422 11672 -12247 -1161 16767 -12088 3842 -7408 8261 -8110 -1830 -25453 1506 23402 1506 -2643 
-15255 9051 20796 -3575 8940 -7704 15483 -10591 -743 -11401 9061 -23666 -15762 -2823 -22078 2964 246 -4256 -11237 304 
44379 15609 -15040 -26148 -20109 13613 -3404 -14059 -2054 37344 5660 -3565 2577 -16068 6833 -13648 7048 514 33388 -11040 
-3924 8614 6821 23686 -273 3865 -7259 12591 21220 -21228 15699 -12951 -12953 -18799 -25603 -2210 -24540 37492 4883 4169 
-1526 -8300 -22752 -2095 -4518 -3352 -14109 16999 -8823 1919 -13637 12753 -1940 564 12362 6413 -13585 4222 17261 10932 
-21148 -15961 1768 1602 4690 12272 6606 21674 -21899 -14676 -4648 4420 -20209 13360 9811 14066 -2430 -15922 8017 -7166 
13112 4790 7637 -16459 33165 5775 -13140 -6026 19497 1505 13687 -5756 -20333 2068 -2414 18347 14854 23386 2309 -13868 
15231 337 -17174 13485 7822 -8098 8939 9084 5966 4652 -9163 -4564 8952 -24986 -18515 -7642 7388 2398 -1875 -5512 
11615 93 -2191 41057 1334 -1028 -31020 16795 26676 -37782 -4527 -5198 8562 -23779 -39 -18345 -35843 49888 -3097 45099 
-998 16420 -7513 -13321 4051 1479 28315 -7716 -1001 2896 20947 13486 -2312 -10202 -4443 -19788 32996 6014 2276 -11363 
-19729 -15818 20747 -16825 -23309 7039 -21359 46901 -12800 371 -5771 -10453 -1996 11918 10121 5883 -22331 5553 18415 18167 
-9906 1193 -8538 -1215 5334 854 36065 -12808 -10450 -15947 -3973 5772 -2234 -3805 -7509 -8167 17614 -28123 -14175 16674 
