70
5073 -19678 -10647 29909 46920 12824 32917 29451 1859 19350 15579 20859 -53826 27443 43574 11995 12485 7807 23670 14504 2225 17422 49900 -25749 14677 2641 -12365 24478 5787 -22075 -13657 2955 -54973 23529 6351 -7774 20984 20423 -11997 -21896 12242 22888 26760 9566 22626 -24887 -24603 -14690 -25679 -49871 44819 11419 19209 73192 -4335 27347 -34238 -5626 39083 45983 12233 374 8503 -18595 30851 14223 -30545 -20146 -21681 -3374 
13186 -28609 26325 14338 -2338 -30588 32744 -8249 12425 -7445 -51029 -6886 26985 -2202 32192 5667 -41791 2874 -25948 -7015 -49714 -25009 722 53477 -7050 -10730 -26551 -20053 -13937 31706 -69502 -9524 -14446 54806 -18024 20980 9092 -5343 13201 19621 -7886 -61304 33356 12761 34072 -12009 -26107 -8061 4051 23316 2095 -28872 -27003 56314 -29604 24522 2952 -11194 -11086 15807 -60306 -9369 1529 43802 -1994 20707 22872 -49287 -15915 65543 
-12295 3500 17827 24212 39534 46406 5936 -9897 -25921 -5421 47143 -41986 11912 21059 6015 12128 -28027 7983 79080 -50539 -5394 -8152 10140 -36908 10938 7218 23810 14648 2054 -81341 -30642 -30239 -6950 26921 -8947 -39666 51765 -26151 -31736 21360 16264 10578 19895 49965 27237 -16503 -21104 856 10993 12206 20462 6661 38338 -42822 -26314 -8830 -44344 -9531 14428 28802 4961 -14068 -49306 9960 46406 18048 -14319 -32194 -12580 -24275 
-14277 46357 5568 17307 16696 -17708 -33314 29268 -9576 30722 -10964 48045 -27079 6236 25314 15346 23263 -26377 -134 46972 2338 20965 -61411 45146 32783 -5661 -21445 -10392 20248 -14975 -57341 12068 38330 10852 -16498 617 -9205 37887 44890 -38842 -2645 28790 -7903 -11152 16642 38299 -929 46584 -5395 -27388 -27015 3195 22586 55240 11863 42073 -32118 -6281 9439 -22465 16871 8405 21850 -4828 -44465 12558 -33392 -13666 -37799 27627 
12445 -25822 23409 -25294 51442 12794 -13883 -11193 24158 14852 11919 49194 22351 2410 -859 -11312 -35941 -25082 12814 4246 58911 -240 -18575 -21543 8294 -41053 4669 -10399 -30243 -33642 -5902 11694 -614 6371 26615 19326 -42417 -26793 -55445 -27403 -15329 -14726 -31238 9754 19384 -1754 27322 -57858 -12728 -14296 10922 26255 13313 57515 -48192 30863 -35512 -3982 29125 -24362 -9359 2577 -37763 -28114 26789 -56602 -52710 11747 12439 21824 
13336 -4596 -7190 -9699 32545 19102 7666 -2475 45097 -42867 -15578 -13831 74028 -52920 -7329 2900 -26592 -29205 48751 967 -26749 1389 -37156 -13692 -816 26278 -10678 27055 56025 725 -4510 -18699 -317 -11975 9839 -74038 -27800 -35217 -3707 48511 -55171 -31887 5935 60468 5076 64934 19542 -40376 34550 -21162 -45899 6778 33711 -8413 28617 -36567 45819 -11276 16106 -56235 -35243 33069 -43019 -10798 -29090 23424 56458 16947 -28580 -2238 
12285 -19335 -5549 34321 -15934 -20565 -2220 26822 11338 24498 -42633 -24788 -40760 -32941 -10309 15608 682 -3000 22844 21431 -14115 -37232 -31665 6838 13799 11662 -50274 35345 13610 35228 11409 2884 12961 22149 -20723 6552 -28238 -24411 14658 82122 8049 -3330 -93 16066 -7292 11636 -226 48918 -55421 -3772 2128 2224 -15840 26487 -29534 -1168 37558 8077 -2539 18859 -15439 -18538 -11286 26357 -37623 -39019 49152 -39556 8144 16632 
-50270 -18940 20694 -42838 55594 -16666 -3501 -9452 -7690 27649 -4103 31091 -37254 11125 9894 243 -61740 -17230 -25826 12191 -75532 87897 51112 27581 -33365 23051 34572 -42417 31210 -5501 7483 -12713 44134 9850 43371 23189 47817 -18715 17292 -21118 -31127 29028 27206 607 -61807 4723 -7501 -4226 -46549 -11065 4814 22063 -29445 -10033 31842 -21680 -59709 37831 -3680 20248 45861 -30292 49631 -20644 11998 -7901 -32383 -13651 -18762 9313 
-30978 -20198 2477 23140 14781 -15646 5006 15550 -20804 84698 -3963 -11965 -16619 5462 36196 -23196 21688 30353 35972 6917 30477 38038 -663 23961 16066 30185 -27364 4518 -8321 -1832 39232 18095 14445 -1646 -13980 -22967 12036 -2348 -5966 -2512 7449 35819 5225 18077 -37345 33792 35242 23997 16199 -18673 -38375 5913 24481 27080 -42081 -6050 -26228 5895 -12055 -64390 26784 -18191 11332 26985 -49823 -33354 -2008 -33994 306 50686 
-10858 6379 -33519 -114 -41435 -10256 32264 13679 -42425 -12395 6472 -1878 20383 -65784 50654 20782 -1454 -14424 10017 -4219 -27500 -10228 13177 -12978 -32456 40511 -37185 -51489 40378 11250 4975 -33968 -2131 -3462 -16327 -3549 -30512 72426 -44031 6067 9693 -26608 -16006 12378 20283 4802 -6167 -17262 33176 31574 -30345 8262 2124 -5757 -4435 -12786 55458 28811 60710 -6592 6719 -37240 -45052 50617 -12509 -16866 6584 22938 14036 14312 
37872 52982 -11705 14045 4133 -23975 -835 -29322 15019 -23285 -34379 22961 11235 28824 14600 -100950 -9464 34487 14898 -20633 -15761 -53700 -32658 33274 38747 -85104 -7758 -8723 -27179 27386 6298 -1643 -2801 -9684 701 3745 1775 1093 10153 -39738 -14308 -16579 -25988 -40477 40154 -9000 -12938 24576 25118 -56106 3134 8185 -11200 6156 24356 9022 7471 16328 35062 -6481 -11569 -6263 -4879 8170 -37178 -2749 65349 452 -14386 34088 
77431 -26397 -15596 -31470 4010 -12161 3801 -28431 -12640 9681 -5609 3400 6028 17755 -14047 -23760 -1662 27745 -9598 -20294 -683 5377 -1710 -14819 -18953 -24434 37049 267 -4432 -21011 35552 2669 -9290 -18123 -42778 -40255 918 -57482 41966 21922 -10847 -4065 3021 -11591 -19417 13075 -36243 -586 28358 -58680 30203 35232 -27597 60727 -27951 26403 -35311 37071 -31630 -50945 18864 -13581 -2300 38727 -52018 -53143 12867 26454 11930 25266 
-54461 15404 -13835 31904 6913 -36613 5950 -19444 24977 16969 -19070 82932 34844 -35346 -26975 -15643 6668 3984 -1276 -17663 -21041 -7473 7538 7670 33936 -25727 2685 -44731 -45717 31480 60243 56720 45089 -49297 5452 2993 7495 45253 -25332 -56135 -22152 -26636 15315 -56036 21547 31131 -35178 63772 25091 636 -25155 -26016 -25108 -36781 -5267 -19755 30140 26290 28884 25373 -44754 26925 -2296 17330 -23291 8751 39452 -26223 -35629 27871 
15467 9432 -14264 28202 2283 25202 -32756 5881 -17023 32078 -9724 8594 -38187 -256 -21120 44427 -46753 -1601 -4130 968 27833 -2445 -36044 -6331 45956 -44397 -5077 38529 10268 -21480 -26548 -16421 16485 -3199 23924 -24658 -7752 -16322 6923 -10069 -42666 -4354 40999 -39461 25159 -41826 -19146 3286 32396 -46486 14352 -24325 15023 38643 14288 23505 -10890 16889 -55768 -47155 -4547 -17503 -43323 12903 2354 -36968 18463 -2751 8023 -17810 
59255 56612 -15872 12258 6236 -45914 10936 -18160 -959 30272 27907 29995 10460 -37293 -50877 -39000 -16641 19578 -20679 -19213 47817 -58149 -710 8191 17047 -36224 -415 19771 -39375 -5402 20515 13112 7888 16086 17010 -22694 15436 12037 45764 13044 -2414 4681 26077 11830 56805 25833 -18780 3283 -3530 -27659 44554 83530 -60202 19144 -13384 24941 5372 15075 40 -73365 -5462 13694 -23318 3566 13505 -36056 27530 -998 -2435 -5 
-15779 -6169 -16022 23185 30431 28802 24230 64647 3722 -11659 -15963 -2730 145 6858 866 47633 43708 -15339 22349 -28624 -8110 -29426 -16615 -35510 -18362 22615 1249 18760 15997 2945 17898 -21817 -3934 -24001 994 -3632 5226 -18827 -71146 -20399 -24948 11043 -34331 -37262 -44996 8268 -51355 -28765 51621 12169 -7182 -22346 22866 -39328 32411 -81441 1589 -11486 26455 56585 35408 37257 -53150 -49167 11330 58476 -8144 -8280 12611 -69035 
22633 -36528 13880 54725 -6476 6336 -9125 14560 -38915 35134 -47075 -27271 2417 12710 11010 36222 -48502 -32380 -41127 -24362 3908 22539 58347 30937 -2939 9278 33014 -27717 -21775 32939 -23108 -21717 21153 6176 48062 35370 -25486 23736 14905 -38845 7223 -5975 33495 -37492 5292 -40906 18314 1070 -37231 24456 13227 -10196 -2474 -3522 -29500 -972 44790 54183 -5405 -3177 27999 -35928 -9889 25523 6040 -12825 -18543 52609 40973 38744 
-33470 -37177 -74063 67407 23664 5672 9564 41351 -20541 -24462 11063 35473 -75465 -54656 7398 66644 -158 -5775 13371 39857 -20202 -30593 3976 -5595 -15487 -15208 -32407 41250 6115 60242 42336 1027 -9993 -2310 26255 13492 -11064 38210 -54116 -14987 4788 25561 22872 -39119 -32766 18678 -56514 4736 -48462 -47026 10119 29227 6030 6451 19574 -11302 21237 19538 10595 9929 -1875 -8958 -3386 -31742 -10218 38040 46873 -71532 -43369 13585 
32800 -7529 -24379 2007 5188 -13226 27658 18753 39923 -20994 -1162 3800 -30063 -4626 7245 -31720 -6900 29380 -9177 -30399 -24678 -37289 47329 13446 29081 -18837 10 40525 13969 34666 -33271 12006 -16607 25082 -35581 31752 14116 42056 13815 -15768 -29705 17191 17661 -6098 -531 30914 32034 -26176 -24912 -21542 40146 -10496 -46995 -32164 -24445 17125 28916 -32322 40491 66416 -47096 60519 20611 -20116 32854 40230 41479 13928 -39152 -9829 
35620 -43617 -27480 16170 22272 35955 13657 5586 -24684 27100 14192 -7269 -50174 -1896 -13184 76248 1675 -51759 -11487 -20039 11876 561 23768 17109 -45694 4063 2695 10215 19743 41020 7828 36178 -37759 2257 38864 11615 -19520 -16328 1650 -755 -50693 14489 -1087 -25940 -24330 -12637 -93697 -2433 5444 23055 9569 -5719 -24875 -10053 36503 -22854 10707 41123 27566 5968 11313 12528 -20960 -19598 -32334 105976 -19647 -52656 -13951 -734 
50031 44091 25292 13982 20832 -29067 -18502 36882 537 33310 58528 10452 -6836 -7247 20994 -27775 -41602 72261 9715 21827 6193 -51337 -13043 39563 -39652 -10713 9633 27272 -6950 48759 -9941 27758 5232 3703 -23987 -36598 47960 -24604 28016 50800 -2735 -38352 -12177 -12871 44962 1615 -22873 4534 -2661 27059 -15222 26988 14235 -26160 -30057 -12575 -18939 -909 -56305 -12606 17903 385 -11745 -25927 7249 4604 5402 13266 25760 4078 
-45150 -6368 21332 -34369 -4660 4893 76450 -14223 -9701 10092 453 13502 22589 13386 79101 19490 49913 -6974 -7641 -7037 -5155 83397 19749 14155 -18777 -6389 -33846 -45648 186 1182 30363 -35372 -1779 7250 -8474 -11345 -13319 4493 -10518 -40575 24427 -9655 22172 54837 -9106 16372 -53522 -72549 43837 -498 8608 17878 25537 32338 -917 17660 -24525 434 -20862 23543 -49970 -12083 58841 40170 56782 21416 33483 582 -9205 -14642 
58404 10013 4056 -8678 -47144 -22624 -44922 -20988 -3217 42009 -9711 -52832 54443 -32175 -29518 -42923 -10475 20515 -43174 11365 -44136 -8751 5101 9178 -21343 -26954 -2553 11529 -9497 -11484 -57496 -36182 -21501 16749 28607 13747 27782 2002 -12590 78534 -55628 1952 -50680 36092 52429 -31890 56843 11146 -9434 -3686 -10678 -5686 -7434 23815 23195 -22316 -70334 20037 19468 5497 76367 -32698 -28392 -56240 -16839 36454 -24500 -8434 -18237 -22410 
21912 -24106 -28796 -10642 -22837 -12614 -10641 -13993 -27281 -40779 59079 -9850 10535 10408 8685 24923 23816 30904 31123 25891 -29989 -13749 -22959 -9628 -48583 36594 58878 -27312 545 -31577 -32698 -5023 -14022 -2356 -23202 -36228 37113 7649 -8835 21142 29690 3772 -9276 -17876 2945 -23738 21321 -34916 5934 -27728 -60562 17214 10956 5177 23832 12835 -21121 -32685 -36527 22496 4797 -56740 -22936 -26771 16093 19823 -42728 -16552 -14382 -25584 
-2220 -55448 -15010 10067 51965 -41678 -10113 7287 8318 11350 14209 19587 7991 -1369 -58616 20751 -21871 -24865 -53883 22697 -52546 66526 74093 -85493 9507 -14717 31931 -10671 -22880 -30658 16121 14948 2831 -24743 4315 -11662 45507 11432 -45570 -20506 -24915 4715 30128 -44272 -32963 -1979 -9302 47540 -1038 -9838 12553 -16936 901 -15699 9041 -11140 -18747 32495 -48386 42282 46548 4918 34650 6016 1357 -32933 -47080 -27357 -27980 12953 
7400 17057 16727 31417 3296 15300 -6370 6899 -18016 18721 -12576 39979 -1848 14758 62989 910 -637 -4927 -59036 1823 -12972 1276 10912 -15392 40554 18128 -5270 -37659 5275 23595 -5034 -30869 -28286 -32348 33406 -420 -6864 13302 -36312 -94381 -8168 9289 32517 -9643 -6521 -25937 -2244 -6612 46870 -17960 24751 -28969 18567 14836 26218 -9710 -34557 34228 -929 16671 45393 5492 -36159 18031 -9271 -7355 9886 1255 1745 15346 
-48064 10546 20057 3038 14585 5688 30572 10697 5641 61 -16741 65962 -27071 4578 38163 8252 -3998 6551 -2660 4158 18530 -59753 -56744 -28803 31878 5255 531 -32177 -22642 16854 56892 -36094 -2317 -46019 23334 -49843 9284 -49585 5227 -69034 18995 15099 25765 -12877 19158 2476 -59572 -38325 12599 10151 41873 -9288 -22720 1410 1328 24200 10509 38106 -34372 -12162 -12551 16730 -37358 10974 -22303 10283 -8400 7967 50088 14631 
-12518 -24842 -16450 3381 -7121 10128 -8063 -14741 39575 25615 13527 36646 7649 -43620 33788 -7538 16863 15983 -26999 24135 59043 19666 -1556 26742 -32525 -22730 -20902 51303 -10623 -9954 -16645 17185 -45821 -4442 -17874 -16754 -46792 -25991 27855 5650 -26040 31889 40111 19109 66289 26128 -40059 -6654 -1098 28172 -13352 -12754 -3500 14486 -80702 8620 -29856 -32994 -50718 -3680 -19468 16779 37506 -11146 -29029 12640 -25449 33121 1278 4082 
33646 47005 2892 -26060 -5702 -3116 19811 7229 -29706 13862 44273 19879 -1994 42896 1237 839 25861 26968 10984 -17540 42278 -6836 -62726 14517 6176 -10426 -42675 -5065 -25155 10399 62992 -21965 -10152 -67765 -65414 -5148 24449 40013 28759 -23672 21820 33539 -28628 25822 9665 -16292 -37450 11954 -13211 -10938 17863 -4729 -33769 -9177 -1607 11747 9525 43087 -14469 -23379 -558 14622 -14643 10228 -12868 4195 -33487 16379 3863 -8165 
-20541 -22575 -14549 16598 -13084 21097 18354 -15074 -3380 -45150 -328 -18461 -27927 6020 -25312 4787 3881 -33885 -19143 2968 -28996 1828 -17342 -307 -21449 5020 -25186 -27205 4112 -5954 17193 -32755 -1333 15282 24176 38839 -6319 -33282 44493 -37521 7575 16998 56043 9320 -26425 -1430 -50662 -55686 -28992 -17780 80877 35260 -62435 29669 27311 1580 -15452 24540 -28291 -22990 -42501 -3938 46144 -5888 31988 -1857 -8566 -47456 3895 -11341 
-42943 -3308 -8856 37508 28883 23743 18731 26248 -14402 10657 -14343 -7791 -799 22180 13980 -29344 31525 11874 52118 -41285 9620 -8737 -76078 15495 31035 64591 -38198 24863 9175 -14780 2878 -8182 -13392 -9598 -60416 33854 -39183 3948 16342 -31342 -43410 34454 -1364 22013 12851 59676 54125 -27265 -9394 -30244 -58993 -18229 -35521 23931 17310 -47325 16733 40779 -21519 -34648 -16407 -11718 -10377 26956 -24493 -29207 -29273 33675 -6654 -21204 
-15085 -24929 1677 -12314 -14286 -1396 -34383 -7210 22520 -11334 16418 -18969 -10748 44185 -17233 29546 -4471 12208 36642 22206 54959 35793 3688 13676 2159 -8308 10821 9872 -21150 -60540 -65073 -3347 -39723 -706 -7546 -31234 -558 34416 -12925 9962 50283 32783 -23581 26066 23726 -34192 60310 -2772 -24413 16242 -53825 1079 45536 -2221 -44250 6302 -10258 -44046 -14028 2626 26332 -1822 5006 744 16484 -20388 -27377 24891 854 1872 
-54080 39521 -3285 -430 -18460 -47544 47356 -14090 15086 -26008 -13221 50900 7242 -47309 -18994 1842 -16058 -38287 -46715 30945 -1901 -43080 -2109 -51985 33670 -44580 -23858 26255 9931 13187 34186 6291 -33440 -15830 22251 -4985 13897 -1830 -34555 29181 -6805 -14815 13656 -2554 35404 19707 -47356 22572 -23513 -2885 23503 -18592 7343 57584 2764 14806 2731 -26468 -18731 42608 -40712 4071 41035 -27604 -5699 -33034 48691 -22141 5698 -58742 
-18705 -7511 30694 -20151 40984 -47722 -53910 11654 8025 40317 7975 31998 5755 -40145 -4485 29891 -24407 -9272 -23638 46922 11775 66472 22130 38049 -30837 47102 -6242 -36600 1904 -11661 11670 41816 58022 -20170 -18882 41403 18891 13456 -47675 296 -39720 46833 -9695 925 -3456 24810 28483 18167 -11060 -16200 -72616 49097 -40062 -21012 -75593 4976 -41471 36598 22771 -7709 52707 -19351 -34984 185 -4152 -162 -42723 5764 -45579 62757 
-10521 -19759 14052 11018 -19780 15128 5509 35095 -6653 219 -41825 -54508 -4901 12170 -15278 9557 12322 -14823 17422 -1578 -11224 -14617 -73447 -19579 3994 46935 4925 -10348 26275 4609 1143 -60569 -51236 -40231 14301 21829 -31152 -10683 -16588 68424 -13027 13913 -45117 22022 -3625 48608 32072 12400 -51624 -30466 -44675 -52523 2593 11157 -4198 -70400 33502 21298 -16531 1258 16328 -52944 -47080 4740 -24959 -27858 29781 3397 19820 -81431 
19511 -18048 -60 -21645 -6094 6992 15746 -19462 -15163 33206 2385 -17201 28821 16210 -21019 18372 39630 -29880 -56614 -37384 7511 -11726 6694 19220 44744 -12643 1636 -60320 -17520 7266 -18893 -12916 -14897 44937 -11244 69642 -31002 44466 12659 -34281 -2235 10307 -19938 -33636 -3250 -5345 -11856 35131 -8564 7252 20979 -51072 -12589 50194 36112 32028 -8015 -4718 62816 54793 1696 18695 10286 11602 -9658 13631 -5583 8501 2785 -8288 
5328 29489 31851 -6627 -27138 6197 -18945 -23510 27651 -14385 5460 -61951 46412 -32499 -7329 4038 -6135 10623 -35253 -32096 -8719 37445 14897 -27715 -1150 5919 -40678 -9464 -12158 -14132 -14163 34750 -8613 77879 3017 -31864 17484 -8227 -8177 22455 -9602 -79735 6224 -34605 50319 25555 24463 5784 32473 2234 -25528 -91768 48908 6430 18549 -16662 10844 6641 22161 18984 -41457 -13305 -18488 19574 9506 -45701 28374 27826 47398 14656 
35319 8875 10513 -35684 -20355 -31989 -15578 37855 13098 2827 -10936 -16881 72144 18357 -576 9657 -51267 35453 -33183 36428 -38424 1894 -22604 15301 -13311 -23741 34651 14432 17924 34634 -20837 -6487 17208 4564 -30962 18691 22053 29365 -42768 47083 -13023 10379 -27537 -11522 36178 -10246 2357 52464 -11086 -13912 -2828 -72018 9142 -2697 22166 -16432 -5130 -497 -27128 17943 47437 -14188 629 -24966 31956 6125 -10310 4609 9804 -24118 
14748 -23985 -27852 -28750 31913 -4067 15223 -10295 3621 -39330 -27197 -9411 11596 18502 -20149 67632 -1706 -53716 57805 -28238 12900 65478 5462 -30536 -2948 -1857 10077 3948 -18025 -9207 -10775 -33236 28157 -12306 29986 -57640 -17300 -73376 8256 10646 1456 -10676 1849 -3279 2925 -28772 1930 -7215 43791 6346 -18377 20361 36512 52196 -26041 -19309 44268 -20345 19198 -27182 -7762 34134 -21782 15799 48289 -5383 -2067 -17066 -31611 13078 
-3257 -20799 -62865 8769 -28161 -9696 -36196 -32486 1716 -34559 -17609 -23568 58906 -8356 -49644 32894 -16605 -25138 -45167 7693 -17382 -16117 28918 -18605 -24778 -50065 -1782 -22204 -37052 -26841 -19304 -6318 -18477 -16840 72005 8305 2228 30588 -27666 -2521 -658 -18511 7311 -10143 20426 -56337 38337 -2620 28272 30742 -15887 -35275 -1571 8321 13551 -14430 30753 -21210 41647 9100 -4296 15440 3949 11490 1977 1152 -1620 -52471 -17323 -91 
-6670 -10465 37390 -16726 32661 -6846 -45792 -53985 12685 81411 47 -38479 46254 -18381 -34713 6472 -34212 20275 -3998 9432 -12338 8248 23862 -531 21450 9739 952 -67381 -7045 -28282 -62763 -24667 -27064 -15534 25082 -357 6410 -35141 40724 21509 -41550 -14772 -2284 19702 58026 37134 50209 10957 -32824 17014 -1404 14544 27703 14224 -1213 10883 -53003 13334 -8168 -15303 3845 -29944 -33518 -6864 -10118 -43249 12556 32817 307 22024 
-11388 -21075 -3976 -16332 -2451 -2129 3064 7412 -21295 -48339 -11 -15674 27274 -34459 -3749 34294 -7126 -3038 -49468 19978 -17097 9212 32655 31328 -61076 10973 13284 61242 15994 62772 8511 32521 -19895 -34413 19272 39941 25588 31877 -9247 31031 -11077 -18380 -24207 -10384 19200 -23216 24878 2063 -48487 -10339 -4188 -27999 -14474 -30228 -14981 -24881 -16352 -50425 5691 102826 -9616 -5175 -25275 -65501 -12055 8583 -5402 -6658 1922 -2441 
37396 -49264 -25312 -48490 -29997 53768 19778 8287 4862 -15128 15182 -26654 55860 -7960 -20471 -28363 27311 24088 41424 -51690 -19214 12351 -8607 -41156 -32095 8780 -1536 -23005 -18681 6314 17077 -26232 -31899 -25505 -36568 14735 -15859 -19570 3530 51588 -4939 -39951 -53281 34656 8073 4826 26776 15111 -23648 12949 48804 -8901 16461 70979 27300 -33333 32588 -377 17671 -34020 -44050 7207 34694 4188 -18970 -990 18999 -15617 -9451 7412 
16520 7259 -35312 -49583 63043 4663 41415 48612 -1400 -25881 85 11211 -51897 -21601 23235 16543 -36662 -2160 69523 17409 3093 -44132 -23379 -20312 18043 -8220 4328 27254 2583 43057 -36422 12218 17989 -5002 -7745 -59755 9117 -46057 5260 25919 29384 -13282 -51401 -12104 -6857 -21187 15200 -19573 -37757 323 20903 38799 1539 27026 -27089 50239 17203 -52854 6608 20425 -56583 3581 -21951 21847 18904 16857 -18083 -17833 16278 17705 
3577 -26722 18628 24835 3410 34210 13630 3950 -39536 13963 -12847 11306 -29475 -16519 27014 35977 9655 -49078 7446 38475 -24822 13317 22989 -34343 -36995 -689 7361 -18420 -7614 17513 -37121 30648 20703 -4944 8884 -27746 37371 -15872 -8626 54580 -13373 20385 4700 56037 10346 1096 -31087 -1089 -44871 46843 -6477 11642 -19478 -10713 -35321 46361 -3255 -7512 -42751 23222 3668 40332 40428 -7660 8773 74084 -21676 -34795 3252 -33699 
30227 -32636 8183 17045 10103 -42422 -4739 18730 15561 -20482 15005 -403 -22216 18645 -27030 3581 -47985 25132 -228 26651 -3680 56620 14797 25147 2860 -18127 30148 6634 17068 10670 6805 16701 -70493 -6534 1262 -39474 6815 15169 -1629 55438 37934 -34215 27260 17170 -10119 -8082 -11613 -20249 -12443 6002 -11224 4410 17079 48107 -13754 22187 29006 10090 -29797 -18938 -25014 -26930 -24259 42169 18371 -6245 -4088 -23852 -27570 27962 
-33626 41814 13359 -27794 -39243 -17949 11607 -15799 6288 -31455 7552 -18083 8512 25048 -22297 -36870 13115 42289 -10103 -20172 -8284 -32401 -45394 -50525 14087 16598 -22201 14626 5534 -15863 -12494 -15948 294 -34491 -31514 13546 10935 -2859 32053 -5598 2153 -21994 -34344 11966 50673 27344 -28147 19471 -4427 12744 72330 -32385 3245 20521 62179 8066 22313 15716 -30145 29068 -33668 19840 24937 15628 -6097 -10273 -31029 5432 26264 -13159 
12256 -34825 -20263 -19682 29103 -2574 29352 -35656 -257 -26263 -27207 -10085 38412 4693 -11601 24410 29863 -22328 20138 -28319 7121 17301 28216 -13950 15472 28153 6773 -40405 16081 -7970 16506 15342 -799 -6127 26121 2554 -66198 -16931 1404 14023 -49924 -15654 1148 22621 30813 -7832 -30131 -73057 13514 33952 10283 -28541 15012 -2062 18976 -10388 13340 -27163 -10078 22704 -7454 20979 -37220 -14058 40799 1616 -4572 20408 22628 -48955 
-39794 31991 25615 -10124 17770 -11341 -2119 19584 2811 -34166 -31283 -10818 -31621 -41599 29116 -3082 -41086 -15237 -23715 11458 15203 3118 3150 -34601 23387 -24154 16714 27659 10202 30401 -13787 -3532 14861 639 86049 -44190 13537 -55133 -13076 13884 -6771 -25644 -33936 -39930 -4712 4515 9069 -4467 -7838 -15551 2916 -13449 4696 -1195 -35457 6570 -37768 -37772 12807 10162 -22944 -18119 -18628 -8533 -25900 -3528 16202 -9079 19080 -13134 
1057 32104 -19647 -31967 24942 -33627 6797 -27155 3108 -31667 -9394 42255 14170 -32156 -19888 36714 -8502 -39151 -15144 14127 -31757 -1475 41606 425 24225 -22194 -4519 -2973 32072 44460 53454 5985 -22168 -11626 15622 21932 -13283 591 27556 -3982 -18165 -37274 40612 -33780 54543 -43760 -39464 -7369 25023 -35424 -8012 -552 18439 -626 10421 -54583 20057 4878 36721 -8414 -44668 -30736 -7234 -55334 20090 -3373 52233 20309 -66302 -35582 
-11292 -16763 52643 -7541 16827 60666 -7606 11659 14680 -1092 25291 -5403 28243 -32419 35440 17768 -8404 3372 -5544 22086 23507 32235 -14655 1071 -21496 30953 16838 7350 5779 -1633 -11536 7161 -49538 9747 -3822 3280 30359 12610 1991 4287 -4163 -15154 -2806 21829 32823 36456 24789 10145 -37864 34715 -17074 -47151 21516 -24599 -30354 -18467 -26034 -29509 7280 17069 -22204 -18168 -28209 -8313 -6215 -9159 -19643 34220 9563 -7752 
-13812 -21625 -5940 -22212 -30823 55395 -13385 -16535 5717 -3510 30659 36340 -10716 -11261 13623 479 -36694 -10942 -19862 -8298 6325 -10622 -20742 -25193 -63180 -35290 -15941 22792 -33535 1431 32657 28354 -3629 3808 8569 6618 -11794 -37807 -89267 -14192 12342 -18738 -33625 -13127 -74240 -50683 -6498 -9052 32091 5062 -19373 2983 -12179 -4184 27814 -20367 8784 10269 5149 -13168 -16251 12004 40785 -2019 -11761 26563 8578 -49163 1833 32866 
-777 75766 -30987 32404 -3767 -55396 15996 25825 3272 -68131 -21290 -27797 -1895 33798 -13123 -13132 -2588 37924 -37991 -27383 32870 4306 41387 -3773 5465 2335 -49443 60957 -11624 -3631 17201 16107 -3421 39525 -847 21492 30489 -12201 12009 -21503 -45774 -3973 -3950 -50222 23165 6800 8738 -18234 18635 -29073 -3746 -48942 -30153 -14888 -30933 -17662 5771 36153 12763 2978 -4649 -27849 3565 7139 -19080 -16126 -40178 15314 -16571 12671 
-15308 -17057 42068 5110 54628 -31421 496 -40430 27227 30956 -4481 -8208 26734 -1562 20298 14202 -60314 -20498 -54213 -34564 -3557 40875 73821 11644 9775 18082 26861 -26657 35097 20392 -29 45812 -16276 35557 57909 -7858 -18526 -1872 -24570 6465 -24594 -1112 43953 -2055 8848 -7532 -41441 870 -4533 -19357 -3707 -46408 6374 -22215 3588 -12157 -24414 15242 36216 20117 16386 -23761 -34432 37714 14114 19990 36084 -29029 -46223 8929 
-24951 -17704 46645 -5523 -19513 29849 18815 8427 -9601 -4049 -29528 9674 -18496 31626 59205 3828 3157 -36159 -4263 -33604 -24817 31367 31001 -56863 28492 12170 2999 29602 23688 40175 -13286 -45936 -23413 39330 22136 15451 3275 -55099 -33699 -14459 -24188 -3961 3520 45669 24402 -9865 10711 -21828 -38806 -28148 57507 -1667 -13621 105934 1247 -12260 3523 11714 33821 -10139 -42085 38124 6719 -25457 29663 -30750 -24976 -17575 -4874 -10422 
2462 10107 -5659 -6473 -75563 -26383 -5281 24171 10717 32392 -1671 -41838 12749 -34617 -3703 6245 9667 64407 -32165 12494 1794 -6224 24235 84936 5282 15599 -62702 23196 -1157 15708 -37295 -1458 -12635 58546 -9813 54503 -16532 84254 66627 -11169 45437 -41217 49568 -41804 60208 -534 51574 62317 28034 16503 -13036 -26802 24102 15332 23503 -22188 18023 28057 8166 -21509 -6419 -60205 20617 18937 -1805 -24896 26690 31417 11548 59088 
58803 11737 31152 -32151 -17843 -8095 11935 23451 55590 28659 -50086 42761 12416 18023 -37965 -51629 -44675 11079 -31942 46952 -29295 -22609 20267 19524 -194 -29883 29060 24094 31842 23880 -54995 7896 -57431 17116 1352 60130 -76110 1181 3796 52095 -30004 10948 -19527 -34211 -47997 -20907 -7792 33611 1864 -15184 6757 -30367 -8565 -2670 -2947 -17588 -1414 -21075 -14684 7865 23786 -13709 36751 11988 17896 31011 5767 -18322 -34863 -26175 
19144 11539 -22902 27428 16520 -7308 -16494 16483 9962 -3702 -34756 -10250 -44633 2051 39295 14952 3057 1513 55091 -226 -29986 10057 -39202 28957 24439 -22159 -46428 27292 -20042 4143 -63416 -8172 -16905 -6100 -22992 -1929 7093 10172 -33331 222 -17370 -3233 -16009 -26884 37306 -37743 7866 -25138 58304 -32608 -18677 8478 13035 40907 11109 -39817 -18018 338 51963 29190 -33499 5706 -39420 -2442 17543 49379 32072 -17889 -58212 9250 
-48255 34370 -9774 48801 18374 5124 13778 29987 -39119 5033 -4340 61852 283 11601 -23112 -10803 10567 -46476 -22635 1949 -11480 -11529 35973 -17441 3822 -43312 12389 -506 -9629 -21302 -8371 -11993 -32533 -37922 82639 36122 8575 67799 -61228 -33326 880 42007 33594 182 -6254 -29288 -39028 -21987 31797 -14133 6521 37270 -15370 715 25167 -39642 -39217 -6132 15966 -4789 20854 9828 4503 -24901 32974 43409 -27612 -82198 -36228 -88734 
-12896 39983 2246 25080 946 15699 -24041 33124 -16961 21382 -13005 -13779 -74519 1813 -11358 -35913 4519 28656 25891 5478 28905 -51806 -19192 4921 22337 21440 -1655 25631 2840 17972 -52901 -6777 -9965 4498 -9782 -23055 40141 -19808 45616 34030 16492 54570 -32510 3491 -36417 25307 -23839 -3851 5630 19365 -6761 28884 -27849 -10192 -31814 -1099 -56696 -3014 -41939 589 -11295 2411 22839 32047 -23035 -4653 10793 259 61973 -47494 
26394 -14933 21418 25643 28997 23306 33142 37458 28016 -28714 -42021 37135 -10937 30914 15845 -3104 13699 5406 -21205 49134 -32862 24708 26798 2183 -17790 5366 22576 20329 -23862 4065 -7528 9543 -15023 14757 59601 -5745 -1176 16412 43782 -6516 4051 -9284 18643 44908 -12405 -10442 -11739 -29584 -25579 -20592 18080 24084 -86 -10796 8782 7600 -53011 -14392 -55799 9070 30681 -28662 -19302 -13852 1487 39365 -35375 -57792 3033 -8670 
-20527 62731 464 -19672 -5808 -36043 11531 18953 -7691 -58317 20651 21235 -10987 51889 33279 -6985 29015 40701 21568 -55155 7543 -4613 -23360 14393 20302 16504 -3331 30866 44694 -20057 29102 -46420 -12877 -3904 -18409 -6544 32153 17654 4549 10893 8701 13322 -14207 64740 37549 43022 -37048 -26652 9409 -30019 -20445 17238 -988 33307 -29167 -13864 -16259 16450 19399 1015 -10717 -30375 -67607 -2370 6297 -26708 7044 -30300 -18323 -37839 
26332 4835 -32398 10743 5767 -35443 23303 11483 27070 3254 32397 32977 32180 34498 931 8579 -67253 18898 -16992 1008 -9056 -10004 -2899 25781 17524 -29512 38542 22552 -47789 -10062 32282 -38194 28196 24401 -6224 -52584 42846 -41499 9712 -41694 -5313 32324 58749 17891 2642 -27870 37094 -12262 -22357 -8084 4058 19225 -15710 -3783 -2701 31562 -34867 -33363 -70290 -42666 34137 -6533 8620 -32086 52601 6295 11130 -32361 3264 25399 
35555 -28209 -33243 45114 31789 -1425 19957 10167 -15442 25245 -4309 -21942 -36141 4692 -13085 6425 8769 29031 22147 14394 23049 14234 21821 31517 8270 55720 7071 11951 -4902 -22819 -59512 -8684 -34588 26573 1906 14585 -36599 24220 42897 37612 -34519 17157 -6915 14199 -14113 28528 -7873 -61234 13516 -33171 -14080 40532 -32836 38477 -9674 33431 -17139 10974 -24774 12725 -34672 -45441 6761 -2681 -2828 -10793 -21256 7282 16228 7541 
12845 -18273 43662 4275 655 -48037 -345 -9710 15450 -25335 14603 21754 44054 -12318 7102 -7839 -17151 8556 -23277 30818 -7414 43121 45350 12824 -20742 -7697 4885 -2990 -2652 25574 -39586 721 -27243 18606 23258 -13366 10699 6644 -34954 36692 -39041 -26512 -12247 17092 8546 -12907 1490 -11460 32879 11024 -78794 -1500 653 2914 -10380 4119 -43338 16162 -10305 4003 -7102 -45837 2370 -19929 -6545 39198 2867 -39287 -41424 57302 
-55144 59081 14984 21753 -20653 -16903 -939 -11661 -36894 14962 29986 18385 -22421 12437 -12650 5794 9719 -35003 -23473 8801 40034 56 -38456 -29629 45675 -5213 5735 14212 21675 -56369 31267 -57331 1104 -18778 -493 -25068 24424 2545 5168 -15008 18940 58292 41725 12073 32283 -2847 -47062 21634 22122 -26288 11113 -2725 -8013 -5644 -17439 37389 7386 1385 -45153 -13080 27805 -22259 -8241 -32877 15846 -45785 1139 32667 55755 -49742 
16050 -50829 -46434 52473 9164 -14331 -16659 -1784 -30396 32101 -15536 -7916 1613 55090 -52798 56298 -646 -23072 -22626 -12532 -3035 -8862 65371 40247 -7894 -30042 39696 -7077 -29567 -29323 32324 -6063 -24057 44988 36849 54103 -5896 3230 -18484 -8020 316 36269 90011 -10664 -21161 -18756 -21411 -52389 43333 -2692 -47246 -40 -29447 6529 -39924 -40280 -4436 7131 29320 8913 23221 -387 2237 -26284 27816 -2801 -15020 -29121 8853 -44603 
-19745 60 -43342 34888 -53082 28808 -60717 -9881 -20342 -19401 8076 -56226 -41592 13944 -19131 2735 27178 10397 -7728 -39409 45520 11269 -31952 15147 -1465 15095 28726 6031 -17190 -34056 -17870 -8389 12632 -10344 35153 16825 -55631 18488 -27847 15766 52523 -1862 -2750 -24115 -12021 -20379 11502 -28024 28264 20466 46676 18811 24416 24411 47592 -18577 18311 -26361 2918 -30492 -7570 7860 -15988 3712 -10312 -59263 17510 5589 47550 -27312 
8801 -30864 -10748 -1519 -1544 -3313 -18277 -33114 -36999 -812 15213 -66446 25826 -30378 -10216 60764 -25145 -16245 20554 5012 19998 6581 -45612 7924 -16439 55377 3912 -34989 8829 -758 -46893 525 5953 -14564 -31219 -51990 -33772 -3831 -24160 38765 9820 27523 -73326 17900 -13818 -4586 10487 -2896 -28537 41205 -24763 -9110 32668 -33393 26280 15269 11830 -21185 -123 9142 20570 6022 -44692 40325 -17239 13090 -16329 19356 26913 50909 
-27921 12834 19764 -31797 19039 -7979 15969 16110 39492 -27191 -21246 5589 13595 468 6269 -16972 19699 29637 -12552 -661 -21657 -21868 2919 -9235 -3366 30793 -27898 -56572 29169 10418 -11423 3643 19290 -11368 7302 11993 -44720 2229 -8913 -7393 -26771 -51181 -45086 -594 -16967 27336 9014 -30116 -6333 -11238 12510 411 13256 17988 32134 19919 16980 20286 43875 8030 -3156 -9815 -32691 -6113 -36274 6953 -20143 10839 25604 52873 
