100
-73655 17477 -15920 -48333 16443 -31168 -46077 26317 -2818 12632 45376 2440 -14180 13435 -68353 66738 24694 -62182 63894 255 -26731 -18486 -7498 -42741 40914 3781 6597 -371 -14296 25277 -5112 33688 34750 19783 -12089 3690 -11639 -44754 -69903 -33961 -27364 16989 26879 24335 487 -2624 18062 36801 -11876 74268 -22761 68334 -24369 26330 83137 3904 -11741 -40866 29898 43979 -14714 38830 70335 32808 -35715 -26189 24165 16227 63729 -50218 -6241 22385 -29249 -10631 -12419 5101 580 -17919 52802 16087 11395 -44192 32476 -23175 -45112 37541 -1112 -19951 12890 51232 7083 -26159 33262 -24850 -7796 -5716 -27601 -4513 27874 -10953 
-53594 -2183 -10758 -13985 -9083 -5631 45146 -35191 38419 38406 25696 12594 19421 -258 -40780 10208 -36158 -51786 81584 12590 28386 -1886 -19746 -11651 26829 81773 35264 -10592 24807 3680 16053 -2131 45445 6272 -17237 40114 59877 33115 9672 15334 -5690 54005 -22455 -11767 -11128 10790 8695 7844 -53368 -13498 -38688 19206 -19681 -11281 -20404 47107 -39151 5760 32046 -17416 26883 46691 -45242 -40513 -4216 233 3696 19526 -12467 -30889 1565 20682 37948 1649 33134 5155 37422 31119 -61744 -19913 -9611 -43119 94369 45988 5194 64118 -39877 -30875 -59332 -7232 -43350 38080 24377 -45196 -5522 7558 -71499 -14828 5677 3110 
19202 59313 -56495 8872 35508 -57702 63971 -27401 -22757 -38694 74723 5914 -10635 13281 -23282 -12179 -42714 -12500 35511 48439 -5503 -45760 188 -34121 40626 -15178 -28736 6855 -27566 -28759 7022 14771 8080 -20327 -80909 15067 -43469 65968 -37155 -31301 -41418 30828 -40074 -73604 -25668 4503 26114 -16652 23569 -22067 -29520 28063 16071 -21846 41417 37334 4001 12545 19226 -30839 31539 12694 70944 -58254 19597 23982 3070 62 -42953 -29730 11039 -775 56894 -2103 -12642 12302 -19645 -10247 4370 8704 -30917 -15162 21135 18149 -2164 38524 -16982 -1602 -28655 44309 -62285 -62309 26641 23842 20415 -45863 28765 31763 -9810 26037 
12279 -51254 6540 -26986 13597 -55308 66846 -50123 -20194 53264 46545 2126 84413 -17980 -9841 -45614 -17908 52278 -8874 2343 -39810 1838 -41318 4442 -40172 16713 41678 -10240 -15354 12192 12993 -13125 -20976 34453 -50542 -12647 18306 -3866 -60442 10173 22341 -5591 3046 -3246 14345 -4366 -15106 8322 27360 -40443 -39590 83830 1189 11699 6816 -36853 -71392 -54323 5963 41420 -45695 1293 18590 69807 19807 -3055 26836 -18024 98872 -57185 -8720 -1731 71762 53356 -60239 -24629 -9734 -41170 29674 -9307 42691 -3228 42489 49096 -60429 9083 423 -981 17945 31161 2274 -34714 -23581 -84875 15503 -5438 -33474 -60992 -28156 -16668 
-176 32313 268 9497 -39078 -795 15971 -20677 12110 30968 18720 -39438 28930 -25004 9166 -12898 -47622 57761 -8961 7243 3223 56949 27476 46042 -50892 -35126 61568 19258 17206 -17953 -11746 -12575 -12626 -25884 5065 -71968 98326 17201 29732 18152 28123 -60090 24919 32203 -30704 -3430 -21454 -25995 -21425 24935 46360 -56975 -4684 -74169 6482 17782 18613 18079 -11877 -10953 21760 -23716 2060 22997 -9703 53537 -22028 -26964 47226 74904 21820 18842 -33471 -34124 39739 -23129 -5802 -21303 -35874 19643 -14034 29455 12093 -47601 43231 -10365 376 62482 -49072 55436 21390 26417 34685 7680 -31394 -45565 14669 79351 20747 -66547 
10696 -20070 11864 36190 -5665 10207 -15897 2816 -44729 16325 45802 11860 -14229 -48821 -24778 26366 -61644 1870 -13895 -70987 -49555 16306 -25857 -26390 93201 -7887 -33234 -12420 -53096 -8078 -29307 27930 -12499 32371 -36616 -16396 48593 -103468 6275 -9843 40731 1595 15971 54138 -4224 -18839 -68920 11392 -13105 -20944 66792 2804 16219 19852 -23963 2920 20641 -31257 -5509 -14998 83743 -77391 38233 -41246 49448 9622 28029 13806 11880 42590 38608 -40044 -18091 -4275 -55774 -15383 -906 -2226 17613 5521 36213 46657 3332 55728 10399 -43980 -40560 13847 11243 36870 -4898 -18184 39327 -58321 41198 -23319 27827 -17697 15175 -10901 
17626 13115 -7527 -57527 4131 -29530 -82138 1690 22270 51891 32018 -50211 -13526 28463 -25166 1490 31927 9929 20431 -6859 -6977 71020 7393 11858 55066 72523 -8407 102 -8784 -35738 -30275 17502 -58557 15322 -14575 48530 -36346 9549 -37665 -32137 29384 34909 10449 -36792 42327 -29737 -21486 -34523 28842 43976 -37922 10784 20670 2247 36857 -6519 88032 -39790 19338 16074 15127 42168 -23272 -7548 -31171 13404 -30873 27087 -13973 -32892 10846 -3898 -43819 -8453 -32045 15425 -21454 21855 33338 78460 41731 45646 28420 -33035 14052 -15893 -46601 -75124 -64942 113038 -5003 41207 -2322 -87377 -10542 55422 96503 -16392 56065 9467 
-43048 -903 859 -49163 -15179 -37709 -29325 -1983 44589 -28746 30699 -55757 -35544 411 -8737 -41234 73753 -12825 19357 3351 28960 46197 30945 -1107 13979 49536 67575 65221 55045 -31872 25424 39150 -29816 -33907 3388 42333 -80623 47365 -44968 22099 -45292 43716 37625 -30226 38067 -25559 -20343 54083 -5146 25314 20202 36522 -63847 -48851 23764 22030 11307 25697 -20925 2097 12830 47445 -11501 71493 -2626 18753 -9072 43255 2848 -51152 -7021 -13384 -9460 38028 -20181 3438 60918 -4888 17792 40963 -8982 27734 5499 -31622 -6970 10735 22913 12494 -55039 869 -27953 14857 -42939 1956 -16389 19082 42867 -16757 -15554 6988 
44042 -50905 -10279 -11786 -9052 -19553 -60020 -29 1011 -20651 -38573 -15612 11648 -17873 27859 -24498 -66494 22570 -51855 -48322 14054 44586 63003 17475 51481 -25442 -61133 -271 51792 20647 -11049 44485 -34197 19969 15192 -3351 14493 25578 50307 29318 -47110 -18448 1803 61534 -22707 -34504 -3293 16144 53170 -57780 -14780 -24916 -2155 -70457 -87693 -30137 -9853 36237 11023 -69805 16099 16627 -7720 2792 -40602 4236 4507 32907 -9081 45594 3689 1460 3809 -10116 20364 -19604 28424 16833 4449 28841 16037 -14765 -58885 9627 8309 -45748 -17037 -32366 -33985 -60670 20594 60374 -20035 -41022 -3357 3049 33249 44809 -11412 32438 
-47851 31985 25452 15967 43111 -6082 49754 -28487 15348 5328 -11069 -14765 -30705 -4664 20267 -29552 42959 -12680 45719 -4436 27581 -3187 -59145 -2151 -51946 -6576 -54353 -21893 43925 49317 -21286 -26612 21453 29383 -3109 6302 5425 61815 -69818 85825 32158 -5109 38108 -47708 46200 452 -19531 29000 32241 -46844 953 -34802 42120 -5113 5977 9462 10729 -45799 50835 32926 -4300 4933 -37907 -3593 23655 -17445 -5112 28508 -20071 44951 2814 -45546 -16556 -22339 7106 -33315 -27807 19649 10162 45392 45001 -31370 -10143 52968 57770 17133 -19753 -16077 57111 -18505 25164 8841 -24332 -24062 91342 26450 -24970 27543 -22413 -23863 
-10454 -114 -55626 -23671 -59 -28105 49568 -7965 -28725 44291 4390 -89681 45163 -15105 -19768 -21195 -19779 73449 24639 48340 21179 17840 18345 28797 -35314 20199 23482 -25232 126666 -16211 -31970 -14395 20309 -1247 3942 -45297 61355 13007 8678 38853 36804 -13348 37320 43115 -36923 -24584 -38435 -52475 -5536 -35935 9223 -23880 -5388 -4016 -32660 -11767 -30185 -16951 14598 -4136 -21055 6060 -16970 31017 -31385 36907 -2860 27293 10307 -2121 50691 36947 59545 -4458 83847 -73320 -46234 -19496 -17411 28678 -11841 -3379 12258 5581 36328 59694 18749 64077 36444 4 -4910 -51808 20012 -38609 5937 -30759 -16461 -2032 -21834 10273 
-48808 -16132 -44721 -565 -46798 -25447 44935 -33566 -39293 -7500 -18087 36232 -50045 -44356 57395 35580 -17208 -29280 11651 19482 -11137 -86251 -1250 -10012 -24366 -46788 -21638 -1816 -20831 78009 21067 -70165 74585 9163 -6114 19549 12768 -15694 43745 -39539 -9327 -67884 -38574 41296 -93937 11728 51569 18947 -8667 9652 -25113 32125 25718 20773 13276 35703 16356 45015 44690 -20967 -5527 -22487 -13128 -15875 -9287 -46412 53934 46814 2418 41060 13018 42272 66750 -8982 -14853 -15712 -73048 33482 9987 -21417 29907 -54332 -16449 38919 23709 -41723 -46803 -17934 -22752 13141 22993 29041 20886 -6255 51598 55279 -51550 -37718 -25585 14628 
-84170 -40368 67663 24849 -574 6210 -975 2102 26582 -27387 -6775 44785 10414 -43316 -28332 12387 20539 -13318 -34379 2630 -30628 10767 15356 -26324 36513 1082 60863 -31779 -11336 -28161 -57283 -6713 34293 54722 -21900 15439 57180 33722 36445 14102 -17333 15468 -11196 35930 26769 -16819 -414 47374 -12284 -39406 73935 -39496 16373 -29691 -9393 -26869 -2845 60807 -25032 -6305 -38548 46120 -21261 -52587 -19635 -1924 33528 26963 -4001 -10713 2896 -29912 -30788 48969 8946 15998 -6219 40977 64406 51879 955 762 -18051 8323 -18414 -20677 15320 -23113 49319 -27116 12121 21989 -56285 62017 -13036 21448 21947 -52396 -15690 35569 
749 15806 23201 -19156 2534 -33218 33767 30944 50395 -13512 14009 -49691 -23164 30063 -46397 -14908 7426 13201 -42745 8770 10143 17487 10355 -35034 7216 16977 37326 11638 12539 27684 46939 -5659 -86390 -12247 -50982 -15968 -35141 -23860 -38184 -31977 8053 41809 -4363 44508 19562 6198 -11529 -39146 -35515 37529 4943 -23239 -7945 26897 29064 39946 -2119 1435 -9758 -40380 9354 3271 -12391 -24317 -75296 28716 -78375 -8193 60459 43220 43986 28558 -43727 25105 -22686 22085 -3564 -55082 -2222 -37520 -26363 -26369 5841 -67134 -39731 701 -43745 -35343 59590 40082 -10133 41760 -29328 -15166 -20953 -7194 4038 -25210 69205 19273 
-26120 24188 3931 30914 -33179 26500 46116 -31625 1916 59111 19293 17822 -11353 10644 13314 -3189 15869 -9866 -45754 -61873 35338 -13608 33982 30236 -6566 41261 -30911 11097 27909 -29195 57905 79639 -51668 -41596 -1801 31242 53289 57703 42337 -2678 25479 16366 34703 2674 17608 61210 -39781 25489 -23389 28288 16986 37491 -10185 -27506 -67162 9712 -9682 22708 -35416 26667 -15255 -28492 -94868 -31318 17663 -27767 25138 35815 -51354 54993 17028 9100 17401 5541 -8518 10465 61564 12333 -47383 -10026 -36483 9454 -9574 29768 52297 -40298 40537 21636 -73734 -48142 16688 43155 -42168 -6224 -26831 51621 -21169 -19832 24357 13243 
36725 59061 -26079 20851 -10026 -37000 6745 1375 28695 52150 27915 -37407 -21932 -15072 -42067 52283 -8085 7596 32633 16701 18908 -3499 26381 26475 -9161 -17760 13009 -32052 -1451 -1347 -1671 15 4616 -7023 -10736 37292 21419 -35658 4329 -47546 -45701 -2631 30903 35502 -29705 29359 -15067 -47590 -8855 26028 -8425 38220 13733 -6898 -38407 -1521 104236 7481 44510 -41439 11171 -19395 5616 8294 10967 -14217 -36160 -17460 -46014 28093 13337 27452 18544 34373 -4009 -20262 47866 6124 667 14280 -11101 1151 21024 577 -70740 14864 -729 13846 29893 11046 31986 -87152 -4798 39087 25358 -18707 -8280 -60570 -18951 19258 
-52204 -68270 -2526 75473 -22686 8007 -31269 -5889 23182 4218 51717 14854 -18662 19040 -5276 24139 17559 38161 40611 -35380 -21278 -20210 27730 -34894 29723 -32829 39394 -13075 18895 -25361 -2281 14789 30373 -3305 17790 -19539 35703 -1276 15633 -22416 23507 -29147 -24663 -24867 -19447 -18397 20526 24867 31845 82389 54905 -18369 -18441 -29814 -8789 12422 58710 -9933 11115 72774 54339 10799 -3883 -16468 31729 16840 46762 5530 42127 7782 -16752 -53768 -20355 -34170 45369 30916 -683 -16550 -14034 3553 -7244 37463 10715 -12787 14077 -6224 15218 39445 15688 9948 6881 29203 6080 19926 -32493 81047 -68543 40022 24141 -15438 
23898 54143 45539 8848 15218 -34113 44721 45377 10891 -66822 4809 36465 -85026 48696 -36207 36127 11316 -2971 -6766 -36484 -6035 46737 2471 -19213 27100 393 -34326 25423 -49456 -4942 -33835 44844 17178 27215 30883 55736 6417 702 81626 -23945 -30444 -49863 17654 19007 26449 -9783 -47032 16923 -15798 -8949 3054 -15451 906 40944 -36109 -33695 -853 44219 -4520 -16941 12920 42407 -10073 -30185 -43323 49112 -39154 -11356 -77119 -5161 13409 23543 -1468 65061 -26812 1325 39105 9378 -19582 -27142 15241 13949 21836 -6375 -19821 16091 37288 26098 24527 -17470 -34223 -34977 6669 26402 -3577 -75449 -29624 10893 6003 3065 
-39477 2378 -5377 5441 19571 23331 16492 12835 8468 38884 5011 13197 -30136 16316 -46861 67255 5703 -30989 -50170 -8344 -13147 -14862 10396 -33524 16680 -18887 -35714 26335 -74339 37578 -49419 -24460 -20467 34095 -25303 -67554 -13529 -22129 21352 -1278 -14656 506 -47677 1388 51005 -73628 -6126 21793 8161 -31974 20512 -36695 -10311 -80437 18829 -32601 55830 -28610 -45456 -23039 10225 19586 -35016 -56701 -3637 36750 -10770 -158 40229 22759 -43833 -45816 6987 32655 -4315 28508 23475 508 45315 39125 -24189 9525 17457 -39834 20609 -22197 6793 -9672 -13052 45477 -62529 -12595 -5817 16965 -16298 1825 13317 74054 8848 -14284 
46573 -21247 31618 -27993 22253 -46156 -529 34758 -25545 -77599 5506 26531 17276 38477 27811 165 -9728 -10800 2532 -9846 49712 -44802 393 -13706 17250 -80988 -37113 5235 -25163 -411 18518 -3528 51891 -25800 59167 35047 -4770 14135 -15225 -63689 7126 -76647 -23631 -34216 -32262 -30644 -17506 20607 24028 506 -4066 -27017 31003 -80979 -15392 33060 87872 51813 -40004 5104 23125 -21952 -1953 45162 12437 -24259 20693 -61517 -10590 30871 -81524 -42615 14835 -39552 -9370 4890 -4738 -32771 26445 39667 22591 32663 -12508 35142 -70999 12181 -75824 2458 12416 15087 62171 -7071 -19131 8881 28299 -16906 6224 13214 -59641 -2390 
-40209 49006 330 -9371 -48766 -47423 27924 -9668 -20216 -4420 -40533 -268 3946 10788 20331 -29081 -9087 -5420 -24709 -4003 11758 13767 66437 2476 -1137 24587 5837 -44784 -9779 -14486 11316 -15923 63018 -20532 -74368 -30199 47089 22855 -36654 24513 -1365 -36351 51577 37132 -91009 -18601 -18592 74164 -39733 49533 50530 26439 19492 -9627 -44086 41858 10024 -22838 57240 63967 -43930 -14176 -32992 -47644 -30550 -12914 -30137 7462 15162 -31550 62607 63608 37528 -3011 40495 -48616 -20623 -62434 -60811 -37173 50236 3574 12909 -500 13778 62242 -677 8590 23823 3886 1663 32850 30567 -40034 -33160 32914 -11470 -80449 13643 -13308 
-9621 -12009 -16056 31469 -55296 -27673 -16377 -4751 16923 18120 16837 -42902 -11587 -12648 16619 -16546 1363 59303 -35480 -16182 -14348 82716 21144 17006 23590 -13130 -42257 -29533 48260 6271 30343 -14649 1342 -30629 23474 -58883 -2508 54530 -17705 -13479 5208 -75018 9783 -27664 -1516 -26075 -29591 4138 8767 11597 23802 -28574 -47519 -1213 -32705 -21150 21582 -45889 42415 61269 -34135 15501 -57179 -41272 -57840 -10259 -58361 41012 39026 16041 -16767 8626 -10929 -91076 8513 -5087 7142 31203 -31629 -19835 -18941 20209 36890 775 -6301 3172 -10154 -24410 16514 -822 -36203 -29751 28753 -5857 -19574 44360 -86990 -20919 -15597 3110 
-38726 7775 -24259 -10490 8044 26178 -11293 26144 -21261 -6113 -54885 24625 -50875 -73127 -3440 -15927 -44543 -2051 -56407 -2004 33642 29122 -2985 17172 -7794 -71483 -84859 16137 -13234 -8200 16197 3345 7489 -9952 64319 -23974 -5927 -49962 72240 -13672 -6446 -65551 -18100 57055 -33577 3325 14423 -13929 33627 51596 8239 25241 -29290 -19320 -11702 11188 8310 29272 34623 59337 796 9541 -37845 5844 7049 -23026 36688 -39475 -95329 64826 -21368 34534 -47076 14417 -19614 18775 17359 -17218 38296 -72954 -12940 -4911 -11200 7010 4952 -30155 7163 724 -4782 35438 18201 -44194 13953 -25849 -8552 -17765 -30859 21425 6635 -36913 
-33795 -64738 -29161 14242 -36781 -59004 21631 62368 -48437 39722 -11101 -77150 32479 -103203 -49970 -12087 -1580 11733 -12208 -8692 -9009 39995 5706 -27316 3223 485 35213 60097 38733 -3499 -32377 46314 -88510 48153 -43733 40523 -7902 56440 -45393 53168 5439 50430 35391 42771 32541 -49739 -9449 -27377 -20722 -33861 -5097 -4684 8230 -51166 -10982 -8871 -39647 7329 57948 -26344 -22142 46420 16088 11302 -37881 -24187 30143 61335 21630 -13087 30311 -6511 50763 15555 -21913 -28912 8715 34551 18818 34028 798 -74902 -54982 -13172 43833 -20328 6649 -45914 55332 -19030 -1238 29722 -37713 -46099 30302 -37847 56432 -16998 37528 1807 
-3715 20551 -32379 -26223 24248 -7853 3776 -13553 -9933 82576 -47737 29239 -28297 -2155 -19357 -53187 72577 23559 -16791 -20151 7063 5159 9962 12996 -32790 28363 -46321 -34207 -35967 -21352 -48899 19198 2689 -964 -37154 -8709 -8285 -8754 45678 58054 -21544 -11129 20183 33036 28298 -27416 -10451 -19814 28520 691 12754 -37133 38485 -68491 6591 -34798 12026 -46044 31895 69334 -28927 23190 -23027 18722 17032 22187 -97045 -19330 -20799 -12201 -35432 11249 -27034 -19980 54476 -19084 -20941 -51642 34992 -3465 -12120 1903 -31680 29284 11458 -11368 -34987 -33104 -38506 -3885 -1667 -18558 29673 21148 9710 -15517 -599 63109 1254 -47348 
-19549 -12560 19257 -42295 46468 -5359 30579 8398 3706 -15896 -82063 -15902 50499 35015 34294 2976 -21999 -31443 7413 -55388 14899 37209 -24591 -11965 -5054 -15350 -7949 -26512 -57548 2851 -77671 -25305 16246 15203 -46952 -10501 19688 44350 -18973 13891 36954 -49138 -55789 -32044 56018 -76619 -8012 56726 33893 -52612 -7849 -70448 50053 -30657 -24935 40812 83056 -43517 19473 38841 -54578 -18378 530 25980 -12555 -20366 27305 -25988 5877 8590 -50272 -15831 14796 43250 31771 28409 -39054 -11897 25394 30743 19455 31430 -4924 6619 14842 -57516 -9619 -36836 15436 -36229 11413 20125 -27732 39058 -12429 20712 67126 12073 5277 5112 
24259 -43834 -38221 -3759 43551 1711 66318 40791 -16257 44614 -7455 20974 -5892 9300 3956 43397 -45973 15606 -22160 46196 49606 -56766 -29049 -9836 -25070 -41546 -13685 12773 3609 51430 -10881 -24488 45188 17121 -56888 -7884 21534 -42455 22855 -25714 20744 54864 -62698 32115 -50614 -40695 22483 -41985 19058 -18547 27455 -86437 18637 -14449 27238 22785 -7649 -6027 28141 -28853 -43331 3891 40562 18318 65687 36688 27107 -11056 25147 85835 -20681 20293 -42184 -61740 45329 5647 -2008 -48230 -35906 -9072 -9677 -37035 -15162 -4963 -1624 17470 -13127 49793 51606 -2497 18093 6082 -41767 -22138 53950 -30653 -6287 74827 5015 -1056 
-1035 -29860 84862 -39655 25174 10350 11162 -19683 -43521 -23368 5689 68772 29644 -35383 37018 -17142 -4665 -57668 3004 -11017 -17969 -12913 19678 50198 41675 -38200 2374 29747 -34929 23256 -21407 -18858 29375 -44154 9232 19821 -20795 28861 12288 4140 17961 9294 -60898 -54346 37066 -49396 2919 8919 856 -84010 34225 -5584 -2445 -3013 -100 40408 24783 -29586 -70297 -27273 -2103 8701 -5537 30776 -8643 3877 32903 -79215 10619 -18814 -28240 1512 37255 34486 18101 42143 -16165 12181 7300 6877 -14926 5298 54281 -58330 11639 -13799 -22851 -65058 -11671 20792 17771 33636 35472 57715 -30285 6253 -24005 10866 -45033 -16657 
23900 -37021 -34003 -805 -53667 43633 -69708 24153 -26008 20549 42412 50828 60883 20566 -21481 35241 -697 -11285 14655 12267 4208 -26757 34576 -14372 11215 -29747 -30917 -17328 21314 -23359 17413 47312 845 5803 -53003 -27098 94007 -15140 -3355 -41715 49308 -1449 31670 50818 -48013 21178 -4933 5693 -48259 -30012 -6944 13654 20536 -24198 -68923 -86809 37092 18316 -29253 6188 51196 -56369 18293 65338 -25224 -21261 46203 52130 -21295 13414 50967 26723 35185 -11050 -10657 19362 -14657 -8197 -12414 -5955 -95455 -30060 -50003 55469 -23148 28074 -24504 -41799 -29799 -20307 54583 -13942 -30658 -21857 5943 -7677 9751 -20845 -6173 75618 
-18682 -19903 50305 1104 39248 -393 1209 -23238 60682 4825 -28904 -60984 17663 -19462 46006 -32049 24125 -21090 28906 24744 28111 62401 -34539 30905 -2195 -6722 38693 15773 -36063 203 -40632 -40947 -60094 33267 51350 9179 -9653 25793 68951 58526 29154 -16259 27228 -109225 71078 -27049 -44413 19077 66259 50085 35665 -39625 45664 -10624 10791 -5614 9139 8315 -24386 -58919 40968 38025 26904 32234 37944 33050 2608 -46212 26328 -7541 -15256 49311 -41722 6866 66027 -49522 2262 -78905 9417 20486 -48727 3834 1946 -67332 -27242 -27301 10359 28935 12064 -1153 81099 31702 50682 43307 -1266 -49081 41325 46793 -4648 -46933 
-3758 -615 -848 -17278 -16479 7876 66669 52821 90055 -59881 15301 -39296 5033 23161 -32203 -25148 22139 10855 7327 58862 88083 -26089 -20600 -30142 -20272 63046 -5860 10008 33798 -11572 24085 -32671 34102 -26055 1405 7211 25930 -26889 -2067 -2245 -31490 -29827 24662 -4359 -15797 6968 -42101 38597 -45389 14545 -58052 8010 -11045 43294 1977 22252 -30859 -18429 -59357 54384 -27057 -109 -14810 29073 24538 763 51169 41654 -8944 28529 -37729 40441 -5189 -13113 -11124 31140 7020 -43774 25315 -13270 -19714 25297 15096 -43322 -11791 6734 28287 -13324 -36685 -12140 3818 60512 -38609 55131 -41574 26434 45911 5876 -21939 22965 
47951 10905 12114 35894 -45272 -8224 7311 34913 -14731 -49109 41229 24422 -4064 -3053 34569 -45567 -22872 -9518 -39927 -10616 -21004 -40226 57575 -31905 40823 -54374 -57124 31406 -8346 -12990 17505 36676 -20423 31954 1621 -12394 -11161 18532 -42779 7129 24667 -31907 -13287 -7288 -60055 38758 -26405 13403 -26364 -28592 36127 43499 -58029 23382 -45807 7464 -50613 52033 20399 13300 41596 -4727 -6315 4115 -57026 -45779 33897 -20722 -19734 -28242 75216 -22413 50488 37989 -82686 -28230 -5586 5597 97570 36280 67761 28991 -43124 33611 12477 -48099 16340 16834 50017 47500 -37328 -11970 36588 -46879 9159 -469 -3192 -64640 -48583 40150 
39384 -3159 -21632 -13139 59793 -654 4702 -23283 -5922 81207 -69352 -76510 -38047 -24151 39124 3722 -13543 18534 -5641 38552 56406 19973 -50772 24933 2820 -656 -65153 19883 3916 26620 -10661 -1436 -50858 3621 -33416 25713 -44494 44210 -16096 -18284 21757 -6505 -1560 -4 656 -39261 2643 -4933 27747 -20632 -10395 24045 31817 59665 -36461 -42256 11522 -57405 -8162 34288 -53472 36732 -3188 -5586 27239 -10839 -22436 -36564 2918 12908 -34407 -14649 5686 -50601 -52398 13047 -52795 -44910 -52323 -36965 34348 -26355 -55441 -34094 10674 -15923 30315 3567 14280 -21249 -10396 -81109 -27439 -19484 -8361 14535 46623 9037 66388 -13532 
-59264 29587 28073 1639 -24190 -41765 -10058 11238 26343 -7995 14569 41296 6006 -42523 40690 60869 -5444 30603 -34832 -14660 3891 26562 26096 17223 14529 15118 -42301 -2494 -47266 -19995 14135 -103982 -13548 4859 -3641 4278 -41723 -23547 -18252 -1933 -50744 -104918 -5904 852 58380 -12788 -14023 -22372 11201 24539 41895 -5810 -19350 -33955 -26234 -14209 10756 58619 18191 96921 -30701 -29858 -63608 41985 -9517 72389 -52559 -20683 52260 53919 43232 19949 -25395 -4636 75312 -11587 13250 -35715 48590 6410 37387 21017 -27563 -10340 -30034 28849 -18266 24375 -182 52880 31040 23344 -40868 6553 -41672 37339 3462 -44577 -18624 2768 
-52505 23796 -57848 21047 -30926 -21649 38272 -32013 45465 2577 8340 -13387 -19383 -3995 -93031 2934 -42562 9772 17729 -65528 10810 -40407 19330 -3636 9570 -5174 43114 -84411 4066 -11380 -2505 18857 -11859 -324 -1317 -5766 22667 -9521 36780 7744 -24387 19161 10121 -9020 -56700 -34277 -169 17889 -8735 66197 32331 -17262 -36812 -52058 37319 99222 25939 17011 42724 -46495 42261 -3074 -15715 29127 22793 -41727 33916 -29496 14289 -4867 2805 632 14087 12637 -11715 -24901 86494 37330 -27682 74709 27093 969 41920 -7817 15555 20225 26546 77592 16817 62622 -41661 -71943 9447 25386 24685 -35224 -22877 -5244 8746 -6502 
13935 38523 26095 10063 -17541 10521 26351 4333 -2013 -24364 -42775 -64123 -43461 -70431 18795 50513 20267 15078 -23675 35487 -8896 1535 39773 -18341 42463 6346 58960 24349 45972 -60587 -40610 -22861 24729 -24885 9850 17980 38029 -16891 -10850 23802 -31730 5728 -44080 53844 -11053 965 -723 23864 11786 -4452 40537 29804 -5406 12906 -58922 -2669 -14059 7980 -4239 673 -82299 6874 38761 -6248 -14166 -2266 54700 43382 -19053 -1873 -46975 -38215 27389 -64613 -1879 -27332 -96566 36041 9171 -16104 57368 14309 -729 28934 15994 24322 -1195 25262 8947 -38443 -7782 15528 -26043 33452 43400 22782 27785 -76756 15617 -7115 
37525 -17017 19807 22433 4840 -22289 -46219 -6261 37122 -36163 -43542 -12680 -36207 21189 2938 -19528 39586 -9123 12043 -27901 -17828 -27845 25514 -41035 12130 -60210 51481 24574 -33290 63289 19310 33249 -6593 45769 -7636 -44693 15092 19500 -68892 3828 3001 -25297 36308 -31490 -35201 43616 -14771 -33598 -24546 -20204 19923 -31753 -24467 181 -27848 -13645 28398 35402 32107 14123 50492 -45009 -25510 5555 -49243 20909 -64114 35184 40825 -6292 612 -11326 -23152 21476 -40977 29979 -11936 38134 -324 39542 -15405 -37357 -41343 -37328 58124 46443 -17285 10048 10606 13299 -39737 1944 -6526 2782 -61452 -3960 -8890 -24268 31573 -34631 
43582 38985 19069 7004 -6365 -17913 -21770 31697 -14036 -1532 -8489 -6544 -5674 -10013 -34170 63072 4422 31100 5445 36255 35322 41878 32053 6059 -29880 24141 -42580 44249 34098 -36489 -4072 25615 -46084 46949 22685 70341 -17308 -16906 9677 -1487 -62094 16114 -4802 16515 45624 71106 24194 10562 -32748 -22824 -5184 13433 -41390 6197 7979 -45119 -56305 24219 21853 34222 -13832 64046 -18397 19293 -41763 9987 -7397 10865 -50836 2807 -20236 -41340 1713 -14790 -26723 5900 -5453 52917 62555 -5015 -10658 24935 -53538 27533 -31747 31367 -3134 10649 -38847 1645 -21423 18221 -45648 -21886 56045 -14102 11503 -29172 -15458 3648 
-72275 284 -19502 9386 32481 -3491 -9905 9938 -30096 6827 -6428 -12344 -10332 -31653 -30207 -3240 -7596 12082 -11101 -24750 15800 -8662 40591 -27014 8705 72453 47626 -23387 -48834 -73273 78233 -2615 -10700 47220 1201 -78277 -1522 49 -5623 29011 -35748 23026 30443 21244 -51511 26254 65552 7219 -18288 41899 48540 -13819 -19145 -22653 -21191 -16073 -52060 7888 -53497 35180 -35150 13479 -57688 -2211 30419 -35112 -45876 26656 100549 -50970 -28163 -25682 -14929 -52987 -26768 13812 -24099 -23879 2185 -5611 -28117 -20771 -65330 -38113 38876 38117 65974 52104 -22657 1927 -23920 7099 -48220 -24427 -39072 30112 -13686 -39968 31129 -21459 
49394 19631 35385 31154 20750 44438 26006 39922 -26169 -35559 -2894 -3033 -14279 -9875 17508 60471 -70265 -18918 7989 -18990 30863 -21223 29249 -31536 79515 241 7691 1160 -51549 -4856 -20 14130 -19907 6452 21334 36157 -26605 22852 38353 10498 -39749 83885 -25816 -24499 12963 -24579 -3532 -19002 35836 14698 -27339 -39780 -50917 -33669 -32442 -9627 -14614 15950 2561 -103963 62452 -3268 -54259 -48868 -21256 -26645 -9166 -2420 -30258 7168 4070 -29751 19773 -21654 49001 -22748 -64671 5210 70434 -23875 27680 -31386 -16566 -36255 23845 -23975 1868 -30427 -5425 -7110 -6496 60910 21012 24542 45518 22557 -16583 18882 -15214 4000 
-11959 851 -32624 8657 17025 25968 -20667 141 58383 54567 -20684 33365 38430 -24455 -38887 19131 77061 88238 18251 36032 -8353 -99561 -12124 17769 -67185 -23572 76037 -31051 13597 8117 54889 -2047 -757 51862 10731 16071 18238 9722 53540 26457 38600 13055 14215 -4088 -22307 75339 12025 -15507 -12324 20720 -13488 -16985 44080 56703 38760 26668 -18546 11692 -1510 5113 17444 -14256 27902 -2553 17495 18941 -53082 30115 -32467 38149 29679 13549 -50187 -353 34030 -31044 2161 71636 -42141 2353 -21680 -6679 73600 1832 36547 -19569 -19770 -11963 17647 17956 -50926 46444 378 -13880 -2618 -48869 32597 -11255 2928 13006 
-21200 20309 29833 -38522 44968 -25992 -60276 4486 63675 -1911 -38702 -7479 7298 20564 -12598 -14261 61486 -11413 12862 -26275 -6112 78278 40238 -40224 8682 17065 5294 -43421 50913 22329 -23300 -25928 27428 78394 -28681 18120 -34158 305 -35226 25974 -15163 22164 62621 -12498 -6819 13012 10659 -8222 4230 35214 -36222 -66426 -9448 -31537 63312 1895 32167 -4692 56738 10139 6407 1688 -11770 -15081 73280 -15889 -49047 38896 28360 -26238 -56799 -3816 -82177 -16236 12708 -2374 -18128 37868 7989 41706 -34315 16542 -67844 6343 9693 45222 -13984 -22625 3097 35979 16451 57346 -59428 -49301 29385 -9650 54121 -7507 17730 -52482 
-5551 -801 30108 -53209 5630 41020 -27032 4064 -9598 -30017 -21121 30354 -25389 4476 35397 -8929 -9943 35587 -8405 12368 23077 45224 8693 21953 -53554 -1294 -5727 -22036 19817 38856 11236 -38221 31442 9989 24325 10867 -60230 -92172 20154 -2445 -39693 -4260 6822 29718 4137 56227 11058 -16411 2200 -28033 -32629 -28901 366 35360 29278 6131 -38414 5709 21242 1896 49794 27430 -3055 -25340 7484 28644 -38759 63139 17570 30274 -11701 18067 -55734 47246 11832 -9694 -22044 38108 -42711 -73066 -63930 25376 6629 -23198 41365 -14092 -14981 20006 -23330 -29705 29192 44773 -78063 -28973 32093 -37473 -15311 -4798 -18271 -47569 
-29339 -41799 2081 -8019 -27542 5723 -49584 2785 22755 7446 11236 33387 -1854 -6693 26678 10312 -6210 -326 -25494 65837 36039 16740 9461 -11286 5260 -4986 14788 803 49238 31085 16021 -39726 19378 -16513 -69890 -39001 42332 -13006 -3000 12367 53 69396 6488 18293 -71326 -63877 3487 24185 67398 18748 91776 -12396 -20252 -27448 -39962 24958 7086 -47674 20236 -8888 22011 -46876 -91634 11464 44937 2213 28988 -34033 31284 17999 -9342 31824 -10848 23564 21747 3554 10143 -27409 -9273 4532 -4048 -9423 -7732 37383 14754 612 -31083 -47272 -9819 -78620 -4526 -32184 -20321 -21468 -8262 35243 8978 -6290 42788 -6187 
16122 -52682 23286 53573 10162 -51511 -64789 -46210 17473 -43882 29091 -10828 -27286 -49330 25359 223 -2472 2632 22543 76452 -46491 -70201 54252 12159 -37744 -9056 47531 -24831 -34300 336 27886 -9930 44375 13954 -47111 -22844 -51888 -82352 8044 45661 -33092 -40669 -67558 871 -14613 36715 73475 -34396 10627 22117 23499 -26160 11025 27057 34984 6818 50099 -9866 -15205 -18745 24123 -13820 35196 18195 -40975 -24783 4677 -18238 59879 -21812 -67869 -28712 42261 4157 31440 7572 45965 41528 3414 23824 -45052 38206 23675 -30350 1232 35249 -3902 -26388 -47303 -8118 21482 29585 -39048 44724 -48402 25409 34987 -49634 -43782 17803 
10402 36593 13524 -29188 2875 26272 -39174 54052 30667 -57321 -38493 7228 -24458 -28198 -54347 5595 -21986 9083 -8323 -20231 -37482 40362 -4949 24876 21124 25331 1451 -12100 -18765 38057 81955 26124 -15752 -34876 42238 -1054 -30577 -64186 23912 -64650 -19833 -37836 9618 6473 40127 -5307 21779 -20778 -7224 2749 -17681 33369 -19114 33192 -48931 24958 6426 40521 22340 22345 3811 -41163 -32708 -25653 -54383 24067 -68467 -7495 29792 13567 22966 969 590 36570 17401 6861 38198 -9421 23576 -21335 30428 1765 -16835 -11323 -9105 -33520 9351 -9054 12263 -9504 8462 -3761 -7873 16360 13125 18469 4748 -48966 53906 33572 
-33042 -11522 21963 86554 -18480 -15421 81948 51568 50038 -33264 31558 14122 -25862 -10476 -16383 6400 27372 38065 -20586 -42041 24948 -30975 -5318 -56797 52155 16587 -35755 26670 52930 29900 35393 -20785 33771 13234 -7827 -33692 39962 77873 -65052 14991 13073 29445 27517 36048 -1231 -12296 -47514 12813 -15264 -16946 22789 -17890 -16193 71950 -28303 -2435 -7422 -11578 -19461 -16668 -41860 -6920 -34876 -62580 13891 3621 -31358 37154 17501 11333 41210 -11211 20809 -20630 -10863 29658 25088 40745 -15359 -23748 -3998 -17003 -7544 26404 -19589 10812 34742 872 85845 20505 -48924 2876 -21632 -36494 2101 46831 -18226 -50469 -30801 16393 
28963 1523 -22106 23433 -14426 5144 31990 -9100 -34318 -41670 -20152 20157 13474 58649 1715 3710 4419 19788 68655 -21516 -23823 -22953 7157 -15983 -5688 34620 3527 -87360 26148 -9172 -13702 -88735 -253 13310 -3238 6271 93042 -10118 -51795 40065 16454 -25584 14964 -9010 -8945 60421 14561 11373 5180 -13813 6749 1561 5378 20488 -7659 29902 30539 9964 -25025 74011 -15721 -44455 -56981 -7630 47337 -51651 1279 54199 23547 -77959 -12669 -45284 35198 -36517 7791 -7731 -101477 23219 -35998 23131 -11578 -16849 22689 50698 12172 16982 6973 46512 29635 -15281 -30829 3402 44663 17863 12866 55068 -98070 -39009 -12531 -16050 
48767 26438 -29923 34448 -50689 429 5860 12922 9562 -35395 44902 50893 -69868 -25780 69858 -11281 23708 38974 -60291 -5422 -10343 -23946 -15194 33986 -56263 28175 -43360 21609 -47912 10831 -19564 62160 28699 -19310 -9517 -29824 20712 26913 22602 -3144 35135 -31076 -16507 -18237 -37267 -27085 -55361 2156 22464 -8717 46147 2666 58091 -32621 -65884 30951 -20051 -44825 -11613 77173 73781 -58394 -52590 -3567 51611 25169 -50974 4581 -328 19755 19181 -21785 -12009 24569 -10886 28940 -29123 -31769 47458 -18634 4652 20559 61739 30924 45067 -88985 -74068 -27191 -90773 -45079 -77155 -133 2208 27943 -23439 37955 20941 -47257 -15910 -21131 
-57519 -34235 18175 -51845 -5340 -47383 -12280 -15120 -8826 41390 12712 -13681 -5775 10926 38797 -22081 36742 -17722 -25199 -56571 -6431 4786 1610 -46032 47754 -34136 -7512 68366 -7353 51500 8192 26608 2240 -24901 -23315 -91242 -46151 38996 -44081 35736 -5659 40210 -7519 23064 21266 -10697 -15343 -16290 65414 45593 -18019 15079 18862 -83105 5093 39903 68034 -79063 -50748 -20358 8746 10427 -19360 -4142 11801 22215 -32370 -43947 9387 -34783 -50732 40986 -23461 56128 16788 -34987 -44994 -53791 -6679 -4445 -23057 -37510 -27369 -3974 12763 -46891 -13755 1122 46998 22702 15700 -7406 7120 -4994 -825 -25708 25454 44423 -16299 -30769 
16834 48472 681 13829 3776 28214 -7780 18815 20259 14867 31431 7524 -81941 26995 -192 -30833 -6832 -1699 -17402 -2183 75938 10030 24869 20606 10402 32934 -12770 -23821 -17740 -18280 -27818 12993 -49356 20758 60209 13800 -16988 2875 -3065 7252 -33173 -31200 27465 42717 -1375 79215 -6700 -13681 46899 55853 55083 8140 -6935 -45795 7960 4748 10561 23194 39473 34375 52045 1606 -59056 24966 -9204 -15261 -35882 -19248 -13616 28949 -11833 -356 -22959 15204 -59137 27199 -5684 -16874 52378 -10815 -1670 8963 -53289 -42064 8689 -46350 -14541 21483 15314 -10799 19227 23988 40643 -410 -62950 50113 15856 35561 -11389 -52174 
11414 -22828 -20263 -35316 30306 48153 22756 -44353 20867 27477 3415 -13447 -5860 -11024 -1627 -40191 -31603 4306 -20364 2665 -35956 -20777 14398 48394 7289 -14418 19430 17266 -7562 9603 28697 44467 -52972 18629 26106 -15981 -12426 -9208 -14650 -75420 23695 20251 -15431 37219 -28558 20041 -27112 -5321 -9922 -26168 -63650 15050 -31603 19221 -13194 -18837 -81023 -9812 -6977 -26507 34573 -23412 32078 -11692 -50547 -3803 6812 -34600 52572 -22821 6662 52801 18447 24849 -84066 19075 -63750 -24439 -4565 -42192 -2186 -13798 -56124 -42435 -17311 -70177 -22846 17803 -8362 -4621 -72680 6618 77963 52208 13637 -27662 -15851 15433 4027 35115 
-14983 -7368 68157 -15669 10360 24543 -42664 2925 4134 -33743 -34538 -53802 10611 -52065 13759 -24988 14510 -12328 -42024 1840 -50136 -39075 1377 -8809 -25932 10388 -29182 10225 34336 14514 -3312 -17744 21333 6915 -51179 10256 -49207 -48283 -47507 6896 34660 26233 22761 14875 388 58197 -30607 -60617 -29745 -35629 -17640 -23268 8368 16852 29779 35388 -23393 -4155 9641 -40199 59289 24275 38884 -85756 8177 76263 -21664 -2094 -37590 -19380 19457 -21731 -52225 25233 -21938 -67365 19701 17232 29678 39373 -10002 15024 7101 10504 58896 6976 -72447 44613 12432 2809 -7738 -10187 3692 14037 21383 -34267 4073 -29470 -14848 71967 
-24889 10197 12865 -22270 35418 33923 38930 -51653 14492 3352 -3410 7642 17677 -9791 -10958 -82711 2110 -1852 12762 -61477 54741 28911 32942 14589 51870 -1741 -18704 14048 54803 -7372 -45262 -26309 303 -12311 -943 -11818 27526 16965 36236 -34626 6379 550 -6630 9130 -11470 18489 1325 -42601 31373 -16817 39495 -78867 -27110 -42810 8500 -51741 36059 -13818 25598 -6464 -7850 -2475 -47640 49094 -19873 -35610 24193 -108100 -32029 -12434 4898 -4312 -17557 37311 27698 26617 -59026 -51600 14595 -16518 -80356 8085 -29658 -28772 6916 -12207 -3012 -64525 37140 -49523 25815 -17620 -183 34832 3621 -1215 4441 -2846 -33908 -48233 
-38015 23489 27987 33057 -62160 -51865 -75292 20769 27967 -43391 -16310 -25847 -30254 -17394 22334 5838 38626 27056 -14237 -13013 -42695 8044 -43610 -41860 -27688 21968 42214 29124 -12021 -749 -24475 -36387 -58968 34169 -70037 41513 -18058 -42071 -22419 62660 -14654 -32141 23978 -28210 7687 113040 -5148 9021 6946 89390 35738 -13392 9748 22000 50646 -43480 -14453 33557 18829 40393 72969 -11242 -1640 -51521 36451 42880 8 -14349 27477 18981 29218 -20782 -47928 -8918 -41062 -55946 11631 6730 -9599 19237 36380 5199 -7582 37011 55138 -17780 -85016 47350 28609 28668 55985 32710 -12540 -19592 44594 45700 30463 11584 33571 15524 
-4016 28530 -10524 17286 -49473 -38135 -3405 36478 718 -17891 8866 -54862 39489 -35120 -6414 27981 -20450 -32903 -30315 58333 16068 -67857 -45556 -45849 -8351 -46434 45730 56005 -10239 8824 7039 -88373 -32709 -34214 -50365 -64860 -43708 -62281 23174 -14015 -2652 -39730 -97117 237 -27487 11701 56048 -4321 -24900 44155 19938 -11099 -13743 -161 105461 50754 26209 19449 -22760 -26610 4201 -30377 42976 25935 -4525 -30420 42834 -61774 228 13008 -41556 9244 10051 12629 21799 -46049 28750 30462 -10624 21096 -21349 -30339 23331 29046 21271 -7914 -14627 66093 65357 32201 10135 -51251 6538 53909 27411 -27313 13561 8337 -32948 22281 
-28869 15561 10194 5918 -44946 18200 6096 32468 19459 -19302 16478 34839 -26512 -2421 -35646 16426 -70694 11431 -23828 -20687 1088 -28396 -27404 -31786 18016 7594 -23646 -14480 49784 -40182 33311 39686 26534 -9723 -26771 64551 98901 589 3008 22170 -11540 41324 21297 25637 -42975 53522 10151 31173 -13578 18118 -7471 28840 -35287 -1822 -16759 -15193 -17507 39170 12208 -7363 1806 -18620 -11862 -81464 5940 15499 23118 21249 -78176 55953 62272 -14181 58006 3820 11687 -41418 43697 26860 15032 -57306 1691 -44238 70572 37038 -18913 26087 -3574 -35389 8910 -184 11627 29677 -61123 -72879 2042 -8558 -17959 -294 34084 50654 
47634 3821 59065 34069 16662 -5928 -25510 -13146 2332 -4130 7269 -7899 -16300 -35245 -39398 -11141 -9589 963 6331 18600 20367 23657 -40762 15850 67660 -36140 -5159 18653 -5906 -13581 4028 -82287 -50779 -9647 3243 23767 -93671 -41317 70443 -10960 -65478 -30495 -2110 -25848 12528 -36471 -18736 -19977 16988 31862 22369 -35989 -37891 -7822 5433 -26590 -4046 53142 109974 -81551 105936 -3893 3463 14331 -2267 38904 46653 -40987 -89624 -21786 21044 -1155 -1808 49793 -26262 -33282 57217 -9479 -18688 -2011 -161 15584 35803 25569 3914 15821 -2263 14230 44483 -6511 37754 -29054 39906 -21135 31225 -30283 -45489 11762 -47393 -9433 
-2778 -6936 11541 30133 -665 67823 -42077 -37925 9656 8739 -17133 11742 18549 15247 -18387 32277 5786 -48541 16823 20348 14771 20352 24799 -16964 42489 38440 -9983 -5713 -24155 -18007 -90699 19007 22996 24881 38182 -34434 -2402 -18829 5581 -9849 19310 31684 6381 -14036 4976 -9582 -32967 13697 -27694 23746 6211 -19925 17490 11615 -28002 -19306 -35529 -73186 -40417 -48273 55706 44667 -2790 -73650 7719 -54302 43873 15042 -44258 -43217 -21577 -7860 1115 12583 -16841 37074 -5373 -27811 12734 -41673 5455 12284 24177 19573 14747 5877 -18429 -1891 45859 -27222 2944 -19292 43747 26 -7417 32958 -153 -13902 8199 -1418 
-36131 93237 9792 -33366 26939 -9499 37253 -26715 5532 13918 -37175 -23660 -35702 23559 72658 -16864 7596 1818 -21144 25037 34609 -34537 -15172 9128 -51451 20481 21131 37963 3738 -22705 -6664 -56546 -9834 12710 -6895 27042 -20544 523 -34451 51357 24421 -15342 -32469 -35394 3598 71654 -16534 15523 28000 -13648 32237 27698 46023 32368 25662 90434 13576 -17681 -3069 41471 -55574 -45506 -6028 68362 -33974 -8826 -31483 -33929 28858 20610 -1865 9927 31888 1762 14936 4824 -21668 -4168 7413 -14207 13118 -21406 -18976 -50294 2758 28863 15498 36207 -22278 -48106 -14003 -3697 19008 49623 199 -10476 28204 -25969 -2167 -47403 
11243 -23831 48449 -6235 22275 41546 44819 23570 10664 16587 6654 -52675 21988 -52640 -17288 28984 20168 -10170 -14523 29336 45322 -35409 19609 18556 20718 -16951 30065 22990 58621 -48568 5146 -35900 -51081 4712 -518 34331 -43536 10825 -7154 -4929 4220 1182 22175 16890 80805 -9984 -53573 -64368 -28558 -11658 29321 -67441 -8709 -55309 35420 51561 -67376 -60524 71353 58836 31070 -10889 -24488 11383 -40113 3949 24088 -20219 15214 -887 -33968 -53814 -49606 -26882 -23789 -11415 -66257 8472 -48563 20571 14394 -21372 -22775 -88060 73983 3596 3631 30793 25892 -43489 -27056 41813 -47234 13350 7934 -46681 33664 21819 -46466 -32432 
-11232 -12545 -22028 -49001 39227 -40017 -61921 -1136 -11958 70208 22846 -12391 -49467 -487 8278 15471 25712 -7686 -8599 27876 -20126 -40906 7810 -35490 -23034 -57460 8131 -12062 -27976 23769 46003 -7473 -6107 2511 -16371 -21359 -92133 -29249 1445 62982 -3861 28165 -66944 -23486 -6429 -7758 62038 -8664 18391 21392 -27899 20302 24392 -3235 62359 43583 28675 -11276 -15907 -93922 17130 43948 29219 -25493 -14599 -7907 -16618 -19029 -19417 -32039 18205 -11203 -10457 -5523 -22110 -18855 85982 56147 -7297 -1939 21938 14486 -206 -9486 -15138 19282 -15826 701 -31987 68415 12065 -27660 32191 1409 38532 -61368 -11410 -14528 -14800 27778 
-42869 21964 30316 -17292 3580 25739 11257 32936 -14686 -10176 405 18160 27409 -50046 20581 21178 13616 -30501 -42828 21344 -19273 -55375 -50764 15750 4120 -20313 -40597 21355 -6054 56954 54177 31361 -15560 -18446 -2720 44209 -39382 21595 -13167 -11021 24352 75234 -26503 -10271 26191 17625 -2025 -16197 -26848 -31726 32584 33783 71960 37487 19483 100581 -18057 -21165 5654 -26343 52317 5992 -4358 -57594 25479 30834 -4815 -21270 -28721 9991 -9476 -19486 6587 -11913 -26967 42719 75607 4336 9332 -39197 4337 -49787 7427 -13994 -6694 -41703 -21881 5954 12847 1445 -32062 -11039 -20105 -40410 -10983 -34696 41802 19119 3095 6759 
-24791 24457 26733 7449 -39470 10588 71309 -809 -20247 53124 31115 -74471 -9349 27010 3011 -27282 15760 6352 -44132 -887 -3266 -37200 -21736 10105 -7348 -27593 -978 -23077 -7034 -20118 24876 18895 -42423 -32280 -60933 21517 1459 -13214 -22105 -3160 11900 30876 -74106 2301 -26249 35126 -9085 -6857 30808 15342 36007 -2102 -29438 -58336 10214 14480 50921 -4747 -36619 -30310 -13670 -17719 42114 7010 -22127 -8047 12017 -55794 -15007 64423 -8492 -14290 -11342 -8436 -3768 5462 48034 -31587 -46424 22740 -42121 28650 15833 -26110 -26269 -10641 -47431 26064 59972 -46198 -26447 -68276 53597 27720 -8383 -36515 -34504 32231 -23348 19158 
7030 -83731 51112 -567 -11608 38178 -54235 10528 14558 -28345 -33656 19094 -2629 15678 10191 16686 -55410 -35766 31012 -51561 -7932 31826 3169 -28429 24992 -22968 7270 -212 -48077 40262 12757 -29412 25053 -38954 -16582 -62347 24168 7463 13849 23690 -21783 17219 44503 -951 -7088 -31688 -3057 6142 -270 -608 35832 -69748 -48256 -36863 31568 -40654 -22561 44766 -6829 -46996 11173 -31496 954 4885 29349 23589 47564 -48406 36966 46886 10753 -3145 -21356 26641 14312 -23654 -12982 -27148 18336 -124 19365 -62539 -65995 -35772 -24238 -14948 66093 7838 44182 -6611 44366 -21697 -19493 69403 20519 -29327 5506 25892 50876 22637 
-55804 26257 54453 982 20911 40783 -60253 -3955 -23138 -10076 -51845 15484 -20907 -8495 -23407 81270 -5106 -70715 -936 15140 18169 26058 -28293 -17503 96928 -31619 -70060 -568 -22182 2300 11679 12548 -53894 67244 15589 -16521 359 -23012 23633 -30716 -30306 21573 4813 -34835 81507 34664 -31320 20580 55935 50590 46018 24801 -28628 -24821 39203 -1436 65957 -32755 -4123 -41451 21401 64402 7334 -105393 -10718 -66351 -14921 -13729 -9523 -30851 -22410 -17410 -15331 17477 -13754 -35725 -53789 7352 52559 17131 -20009 18585 15715 25801 -41308 -53329 -22214 -48 29728 47933 43997 18586 31319 5550 40977 -1946 -53030 -10859 -23935 -39163 
-39165 -3545 -71242 22938 -27802 -7543 32513 26421 14147 -13342 -27510 -58733 -41373 -7873 14390 -17741 -27133 -14146 -43580 23187 48313 -34969 -14117 58023 -109351 -1542 8049 -10844 38551 29358 1177 42101 -2046 -63007 -15884 -41137 -28870 -20675 -2896 -1741 2646 -4395 31495 26953 -41807 825 31851 60976 36387 12726 -8655 63867 -5362 20360 -53114 -12711 10443 -68748 1942 45942 9963 -53380 -22405 -20848 185 -25326 52970 32612 44476 70339 -60554 -9963 82186 -14128 -16134 48724 -17608 -39990 -3742 -29885 -15017 -17197 -16600 8340 36967 -60325 5099 -29450 -60302 -78263 25635 -54350 18828 33176 18486 81092 -35500 12156 -3025 93195 
-35904 -35016 -26881 -20612 22254 17407 46917 60009 -11543 17118 22745 31076 34558 10895 -25263 -59670 1795 46522 -41225 -35803 -10918 14771 -21396 -3810 15970 14552 -19070 31883 44714 -38971 -28962 4538 -24898 17894 -18291 -33223 33601 -14044 27820 -27242 5509 1021 -34316 -3835 29737 -62703 -65035 -31641 -19109 -60292 -3566 -70829 6423 -75230 -35721 -3236 -23245 -18403 10900 81347 -70 -57060 1441 36487 22169 12018 17014 29280 11889 82096 53077 -43116 23889 8748 5782 30767 13050 -34600 78823 13055 23975 68851 8122 9421 -22972 -41906 -49815 26346 -20213 25860 -7010 4047 -36757 -30227 16621 -14318 -14089 -2154 -11715 -6292 
16742 -10461 57461 43100 -40908 61831 -3833 -15345 25806 12286 -20816 28151 -15055 8061 20394 -25583 52256 -18043 -42151 22683 -66777 -15313 -32892 2768 20741 -6297 -54989 -8983 -30759 -5168 13086 -6564 -36980 -40977 6623 1583 -51155 14395 19373 -18640 -11833 31656 5278 -18764 -581 -2794 -8681 23083 23283 8192 -3282 20387 16672 48994 -20506 3975 3853 37857 -11558 -29285 53532 -18213 45036 -8039 17357 48231 -36879 41640 -82478 -10476 11185 -45674 -32989 50045 -20242 -30821 46106 76072 -19975 -11948 -8453 24015 -757 -29490 35994 -22326 58992 55825 23391 9469 3949 -12167 85 3777 18310 -36281 -3058 -5882 24312 7021 
-70586 -36325 -2109 22611 -45793 -40479 2761 59596 47433 -20390 -25049 224 -19971 -5241 -9589 -28134 23718 25603 -12633 -22795 -32096 -19368 6301 -31745 -7245 -68263 62353 34586 35220 -23681 22493 -4501 -10622 -3265 -58844 -29919 -33317 -17782 47439 -9289 -29807 31087 -69814 11441 -28085 3032 28949 5970 -5721 26182 17735 -49100 10586 -31724 -75 -9262 14905 60991 -27835 -13204 7610 -30042 -4235 -46885 -67363 62430 -29215 -44371 17862 -920 -6626 -25839 -10268 19694 -368 54789 19538 22637 -2596 -20920 -61804 -25673 -16209 1970 -45482 -23851 -15995 -23094 -28724 9586 -45312 -14371 -26499 38244 40017 -74735 -43528 -30454 -40499 95314 
-23575 23598 -58438 16628 29351 -67843 94649 -2343 -54118 50187 19886 -23048 -8277 -24250 5491 74434 12631 -12700 -10934 45777 15964 17414 -28901 24576 25962 14672 -27306 -22723 -31644 38232 -16770 -40352 -33333 27771 -63453 25842 -30634 8862 6310 -1314 -51945 -20671 -30841 -34138 36581 -67634 -29232 21258 47159 35808 55317 -12374 1827 -41426 34295 16947 18677 -14274 38770 844 -33575 48184 35942 -41691 16121 -19782 -14644 19970 55387 -32110 -3197 32144 34811 37696 7366 -18451 -27801 -26362 -30497 35832 7631 -18382 -15100 28146 -42423 -21639 37177 66714 57172 22433 39804 -31236 11189 28624 92818 10618 -17674 12939 -4898 -59321 
10173 -28185 -16418 -23428 1924 -8405 -29612 -28045 18853 22902 5309 348 88085 42501 39679 9635 -13442 -55648 43056 6478 -21399 -18361 64148 -137 -40059 -35148 25444 -4216 -32409 32070 7889 1 57491 18175 -33735 -57660 64463 -41974 -61694 -11879 17943 8974 -11189 -5310 -80429 34510 16097 9457 -40930 1637 -18972 -23456 -11543 -12677 9806 26110 5682 -17228 6377 14513 -27667 -15902 14351 22887 11299 21218 -23561 8005 23527 31060 -44372 5154 14434 -41810 72042 -27493 -42771 -46085 -14799 -23871 -25522 -71920 -37218 24173 -9262 54264 3793 -49054 -23817 17970 23198 -13465 -17184 -39429 -9072 -36719 -26707 6754 6704 -32223 
-558 16968 2592 41276 11926 -14625 8494 44189 -21529 -74480 21677 31187 -35522 -7922 13617 -56957 17389 67348 37039 37868 36551 37285 -35953 9393 -16977 4497 -7416 -10567 -56279 -1533 -12127 -9311 -1047 37030 7810 6348 -16456 -8734 24480 -5319 -7794 -68141 17059 29950 4315 23447 3056 22666 -26860 -1753 -23845 -65214 -13289 52243 -2641 -14531 818 10598 27110 29282 -26319 7021 1965 -9976 -33404 -38903 -29304 10700 -14163 29890 -2061 69891 -37650 9284 -20948 -13331 -40108 29510 42202 -24151 -30670 57397 -22061 -53991 21255 -35664 -22877 65483 25831 32982 -27179 -8051 703 46517 -40340 -452 18223 5805 14245 -22887 
-9628 -18585 48685 -43304 4190 -29789 11781 -601 -3170 28940 -36561 5043 28694 16631 9041 -18847 -12581 -17022 7136 -10186 14883 43611 20055 2388 -21760 -27473 43069 54107 -61000 54951 14558 -26175 -9024 35302 21483 -49014 36279 38323 -26212 10773 20213 -31813 11139 12140 30355 -7485 -13312 32049 4611 -44545 21302 -46765 -12878 -51363 -1823 -25519 30240 -7219 -19015 -12849 -46906 -9095 3790 75955 -53625 2978 -5859 -32576 12958 29167 10025 19830 -5955 58256 9860 10830 41477 10290 -26768 -10433 -32001 21839 -9969 -53882 -26219 20860 -11690 972 -557 -15385 35738 34882 1255 -5632 -55178 -19108 4135 8378 4030 -57855 
-24801 -42398 1266 32902 53267 -5040 -37055 61438 11710 -34569 65187 13598 6892 -43571 -8782 -18963 -14994 30018 19051 -32938 -46655 57662 28200 16155 23870 -34794 -5844 21943 -8759 34543 -17846 46577 -23702 31358 10663 6518 14241 -42360 -25277 -50311 -10406 -21944 -2790 -14685 -4420 -2255 -2742 10619 41043 -2396 -19051 -39295 -65226 -4611 -9174 -57270 631 -15267 48058 4829 34613 46527 -28309 -9733 30118 -19618 15342 19013 10779 -39390 -27757 -18904 -17451 27106 -31091 16298 -5850 -20380 50927 -13815 -44723 1433 -36454 -9660 -40092 -62420 -18680 34309 39760 26790 -769 -88714 -20427 -24332 72365 31722 -72401 58138 -25641 17351 
35684 12512 -35484 5469 56927 33311 -1398 41333 -1421 -42365 15890 4774 -55 12964 -13233 52879 13189 -13404 21174 10166 51416 -42443 -32446 -4688 7932 -13110 40872 31765 -4304 -61864 -1860 15432 64794 -63900 -28371 7795 5026 -13542 27806 -12855 613 17836 -26167 189 6850 -31722 58857 31145 -37975 -788 -24230 -35442 -7313 13792 -1370 -57791 -4413 -25424 -6956 2659 -26836 -18236 29484 33178 1344 13455 46944 12643 -27864 27767 -46189 23217 15529 -75552 55962 23478 -1440 -52349 -27880 -37555 -10391 18351 -17311 14943 35294 14334 5177 -13789 -23412 -25443 -11471 -16610 -13609 72984 459 -9522 38426 43378 -7801 47518 
-13112 43146 -39140 22661 -9155 -14932 77265 -7416 63674 -19905 -11774 -6776 -26124 21755 1150 -64718 41251 -11728 48835 -21021 -2391 28414 30062 -33537 -4460 83201 37822 -30464 14971 14524 -21771 -30237 46023 18214 -54669 -30162 28554 39961 -27980 73368 11774 19983 16730 69118 -4529 12601 703 2072 -2038 -2201 9722 -48857 85076 1098 -30704 42788 19774 7587 4919 30071 13418 6868 -29391 -221 8105 10328 -58352 14074 -8934 -8951 47333 -7979 -29665 32164 57851 -5811 -39327 3121 -36570 -8423 35658 -41108 -8510 22569 36079 -15542 -8133 35253 40878 -24645 -33798 112759 -22256 -27923 -40994 67995 69640 319 10030 30127 
21260 -11853 -50746 7537 -51956 -5195 16132 -24519 -12975 8248 3590 10986 49295 47764 97 -45228 -8727 31887 8246 33811 -58498 -4462 21650 29939 -39140 -28529 23557 12759 9721 -38660 -58600 -3740 49081 -35643 -3023 -2146 37401 9855 7147 193 38562 -8436 -24492 20454 -44331 23956 -11795 -33967 -46483 -16311 -29231 -8329 -6447 -35796 38896 -29831 -12178 8276 -16970 22823 26200 -45682 37402 24268 -2356 8090 -5604 6502 30394 28706 -2204 -4165 13437 -46036 25188 28938 17467 2059 -55062 30683 12155 31269 8827 2242 -4321 19045 -44474 -6251 -8749 48195 -47051 -11485 52431 -19755 -40940 -45748 13898 51463 -43643 -3197 
12198 6975 9950 -68679 4391 -31716 29674 6772 -6983 -52186 54344 11214 21017 50163 -1769 -7662 24499 17598 -23095 17836 -16407 -13538 -17621 19067 -22279 1354 3848 -7367 -11895 11 38132 -10709 81038 -7228 11014 -6559 33293 8440 -31836 41486 -22405 26853 -6071 -30025 -33880 -12137 -61010 57051 1855 -48588 -3691 -33886 37003 16379 16032 21807 4201 5170 -5397 18265 -3767 -45389 57331 -7625 13695 13024 34094 -12317 -24047 5936 31612 28571 8586 8345 22336 -3554 12134 -61913 -27046 -19812 31567 -82658 41993 6290 -6919 82618 51924 37985 43654 -19158 -24835 -28843 -3826 15640 -2897 -19632 -7989 -74559 -9166 -106 
16356 -15772 55703 -40771 7505 11600 12076 -38771 -65131 -12963 -31464 -21065 33032 22881 -29732 -74463 -4160 4446 -7935 21223 -12216 -114 1184 11469 -71365 2598 98863 -50131 -20011 5406 -28224 5850 -15138 -28958 78560 33696 -38119 12603 53073 -45093 -699 -4650 -47944 24882 57597 -2119 31177 -48827 -33356 749 -32083 9376 6746 -16826 73098 -4261 -29739 56565 -60775 -67125 1828 52041 59316 -7870 -42922 -9486 -33578 -6009 40226 -10591 -55334 -3932 -31675 7847 -14886 8285 -901 8344 -7956 11653 -12796 34593 9015 21446 -22707 -8641 -32330 16113 -28853 15566 31549 -14350 -3593 92098 3210 -19021 -59807 14142 -6076 -39162 
-4552 79767 32907 -46407 20682 55725 -42153 12152 54166 25348 -49333 43496 -9911 29754 1845 -54923 -24888 -36246 16209 -36686 10607 95954 21992 -8817 4361 7317 -14720 41481 -34883 -28684 18309 42107 29957 -14192 -30226 -48777 53469 7315 46751 2134 -39888 6944 -47748 9205 25202 39626 -3262 40386 748 -10149 31464 4121 -45584 -48382 -28187 -35839 4258 16478 -32189 11247 -45666 43726 12512 -30658 -36801 37014 -69260 -27145 -14870 8941 43428 4374 -52690 41260 -2896 -7670 23706 -29684 5861 -60994 -3666 21205 42955 -28038 -77810 -66255 12645 47427 -12858 24793 40472 18573 -3886 9950 9371 -45894 -36271 -3960 -6016 60991 
51877 -28711 7121 -1449 46017 79905 27841 -41032 -24748 -34006 -23346 5808 10349 11745 26295 15202 -37268 35972 -12611 69375 -4687 52720 36653 35029 25359 24839 -40946 -21053 -14366 -34232 -7583 -44165 -29136 1887 34221 32065 15149 85922 -21238 3430 7995 -29255 317 -14659 25724 4087 -12919 -16386 -1133 -53161 18358 -8338 -41441 9117 -59346 -31771 -36335 58553 -7865 -14109 1852 -3588 -4189 6447 -38795 -24076 6514 47502 -80461 9000 82442 -40934 -6315 18014 -33571 58251 7869 39180 -23220 -20971 -18116 37809 -27536 -36670 -27785 12388 44979 -55447 -29901 15535 -16507 5444 -19967 3974 -24209 -32055 29126 -45948 -31944 -13481 
-40575 27279 47741 -26117 25062 15297 -52931 -20737 31767 -1894 -32927 -51127 -50525 -23675 2013 5444 16501 -22446 26723 -21590 43800 -19613 -8437 5716 13798 -45952 17711 52623 16789 -22542 20497 -31211 -37897 784 56836 21292 -18096 -51257 45736 -17009 21748 23001 31759 -1333 47966 21008 38338 10871 -13206 33635 -6032 8300 2341 -772 36037 -32393 20953 -9030 28505 -13830 82572 18711 -2575 8897 -14478 44303 -55089 -35651 -8371 4806 -34149 -36000 -21354 -17502 33998 -59089 -20543 -46569 34008 -22087 -27548 15445 8667 -28332 -45407 -15353 -41988 -26436 -54212 22206 10577 14312 9593 -44786 56689 -63595 -12858 22713 -24054 -41868 
20674 18011 -54944 4691 9559 -12778 15293 -10602 5042 -1946 -12606 -72739 2712 5651 38412 -3365 -16923 -29807 11937 51285 48078 -1080 -24303 -43520 17723 -15053 -21606 28941 53348 -11548 55846 -22115 51140 -23089 -15982 29467 25572 -14312 -18036 -26767 -8801 -2243 -29253 -64137 -15015 20903 -39564 13008 46125 -37134 9827 49076 -2023 17726 -17994 72329 41810 -22515 18234 24731 37018 -23221 26416 -29611 -43947 19597 -15085 30896 -25694 23714 -55331 -20749 12866 25695 -10016 8641 380 -10161 25048 -4997 -32141 -840 31258 22912 -61297 -40683 -23875 4167 -41327 -53549 -20686 -73796 10741 25842 15771 -13729 -1534 -33533 -2829 421 
17621 42910 20611 40309 -46910 13674 -18623 -13709 3845 30654 5249 42324 -69293 20129 -46866 -33495 -40089 34574 58433 -147 -20137 28115 14868 -14637 -8004 16538 -3023 -43638 -48206 -26296 21024 51124 -76822 19754 86 -19347 22893 26488 21870 -95725 -37473 -22236 45856 7982 -837 -7272 -1649 -8632 -39101 38173 11292 -15554 2898 -32633 -13480 -77977 -4687 28553 -9889 5493 -48302 35777 -7229 -37360 -58941 26623 -25778 -27129 -21061 46308 26291 -24110 7800 -57659 -40832 -25814 -31937 -33473 15892 21576 -26847 3897 -9588 -2691 -36380 -51649 -16158 11131 580 56877 14676 -55717 -19701 52344 5933 11392 -70507 41638 64336 37594 
52461 33437 -165 -15737 -41006 -24902 -34201 17484 6867 -4183 40828 63377 -39788 83027 -16247 -40798 28 -33497 22728 34197 48142 58005 41254 26991 -31326 9625 -24270 40653 -84559 -17816 -32553 39541 55144 -6506 65172 -24185 3560 53223 16516 -48183 -36220 -59052 56440 -13444 1205 23195 -15798 25089 18590 26483 6351 14335 -13615 -56397 -48653 -60772 26535 -6192 -9927 43561 9808 -7801 -59274 42959 -4812 -36417 -6978 -9156 -37206 40569 -1006 53192 -12426 13668 -9608 -3365 -7214 -16255 15543 -11697 30602 28038 -4041 33598 -5394 35928 -34648 -19942 -13077 -32842 18732 9222 28825 336 -37465 10262 -4946 791 -1266 3400 
16466 12349 23730 62398 19697 35141 -27192 -80371 37058 -17271 4949 36637 47968 -35829 16457 -50146 22939 -13754 9631 39328 -22528 9678 -46353 64257 59724 -12108 4311 -34170 7258 -43621 -8658 13999 -92619 -2533 -16081 22089 31244 7223 56977 5223 -10275 26955 -16250 1505 50422 12203 13985 -4412 25344 -46205 52185 25672 -29445 39228 -5649 11997 -19021 -7543 23571 -9752 56641 9713 -4421 -48043 5523 -11935 -25404 -14575 8325 -13594 -30633 -29626 -2053 64105 -4310 32407 -2902 57860 -13620 24111 -1761 31863 5374 44459 604 -108506 -20930 -15135 9038 -11418 -18173 -9929 8895 45866 -50849 6543 -15712 18780 -3100 -21955 
-9426 57334 -10548 -4732 -21433 -22737 109577 -12866 13980 36709 -19475 9073 -22055 -26447 -33127 -8588 -21557 19915 -10457 -38479 4388 -28456 26070 -32711 9046 26449 7267 -4610 7228 -56851 5229 -30966 28728 -62177 15712 -71295 37489 25931 29815 1914 -4951 12293 4590 11207 9693 -45084 3603 17951 34515 -31677 -7930 62839 13728 -49637 -61031 20037 46705 -85756 -14946 63709 -35328 5972 -62298 31565 -9021 -18478 33341 22977 -9027 -17648 -45045 -39356 105346 -5809 55239 18223 -23103 -18671 22210 10109 1909 30882 84561 53104 -6425 13412 22002 -2228 -76546 -23661 -30910 15009 20454 19295 -1240 105452 -101807 -38874 -11071 -3149 
54218 -18358 42439 17364 -4457 -42903 -44296 43445 -50800 -87565 44129 46415 -1469 49357 20713 -18291 883 9163 -17557 -2561 19865 45770 23397 18641 -22093 9202 59772 27533 -42763 -30120 2691 66740 42234 660 24360 23778 -26638 28642 15186 46485 7109 1828 925 -47934 -18325 20654 -24545 -66027 -34115 -7401 23002 -34541 3236 1836 5335 -37702 -53344 7674 -12793 -7315 9526 13777 -33651 37552 44585 6937 2845 -16929 -26442 -2614 -12891 23158 636 -26776 -379 47079 54318 31579 -9896 -17596 70355 19219 -35817 21001 9842 105619 18337 2422 -69362 6429 1588 20621 -36111 37394 -6025 -41261 6139 -2937 -27242 -30976 
-21646 50943 5873 -3738 -37254 67897 -17725 5256 64652 -44718 29162 13176 -16481 90129 -8650 -59734 -12119 -61161 55811 -11999 47644 67991 55107 -2928 3775 34343 -54614 -33519 -21967 -85829 -39547 40348 22704 -28280 11455 3890 51264 49045 -29038 24252 30584 23566 74354 -35411 -23731 8283 -47932 33988 -45606 58327 22946 -5817 -36067 -13296 -22094 -38873 -17830 -4648 -77943 17735 4068 46305 -44616 -34507 39224 -63443 58925 -18324 -77389 9773 24945 -10010 -22810 -13290 18005 -437 2271 -58857 77213 -241 594 37689 21920 -23181 -55952 -3257 48907 481 9415 13745 24682 51416 21180 24580 -48148 -40105 33424 18140 -4543 60211 
1288 -48890 -38688 -16169 51328 75877 -314 20381 -4315 24239 -24425 -64704 14641 -22303 31600 -1520 30389 -34987 5122 57186 -13391 -16336 -42300 -3732 -34159 -2240 29308 12504 -32148 -5449 14850 -50545 -29688 23418 43506 34978 -46063 -16937 -62036 22303 62403 66949 768 170 44179 -14673 -14347 28430 -33521 -31156 -32904 151 -36237 33958 25547 17815 -18656 -4352 -40546 -39141 -13893 9367 43256 -24656 16935 -1662 -31292 22860 -4371 -42574 -3214 -18590 -66460 36963 -44187 -18469 -1155 26055 -2058 502 -46342 -29006 24915 -46609 8266 -29648 15600 41611 31720 -6781 -89588 -42692 4393 16034 -17038 -39634 24472 -73136 21038 39199 
5576 -7113 13824 30155 -13617 10580 4438 -27553 3877 74175 -3412 25418 -19882 -26972 33734 16204 -36333 -5915 36648 -10830 -45861 -13981 -21041 -2689 -11133 -1965 19629 21546 -19903 35673 46370 -9904 -57685 16547 9801 15537 4842 18042 45538 26396 3250 43034 77276 2543 -1734 5429 -2422 33807 19916 49913 4623 40579 -25565 -1507 -4382 -7385 -2548 19198 -12360 -59291 -18285 24989 -24220 68311 11228 -28101 59235 -79171 -20941 22657 31259 12178 26554 8937 -24380 -61056 24200 21867 -14859 16325 3360 -16351 12946 -4617 -17397 -20151 36373 2504 21500 -2281 24165 23688 -8448 -35653 1734 -35023 -12645 5270 37038 -10520 
50060 9183 32560 42177 13400 1558 -57068 13419 54790 -51791 9431 -13412 29472 563 -17429 -11224 13641 1940 -54627 56436 23871 -25632 -15757 1558 -2916 25961 -48882 -54491 -21590 15795 28365 21804 11840 595 -5499 -2619 -3072 -7654 12314 -20651 -37454 -10011 -25411 12662 -53907 129946 40981 -9085 -9268 4841 -32271 4669 71 27756 41291 -46442 -21475 3745 26667 2739 37106 12287 49275 40576 60217 -36548 11911 45622 -18840 38368 -49954 -11130 -66073 -54214 -17262 4471 50442 66281 -10671 23909 4905 36288 -30026 3216 -44417 52586 -16237 -16638 -11894 -34399 17296 24789 -43085 17578 -14149 3845 46612 -2959 -4464 32453 
59239 -5048 -6900 -4514 19015 18791 -14649 -12969 1646 36625 -39267 8621 1847 84994 8785 30757 -17337 13293 -14749 -22281 28801 -65522 9479 -24190 -8630 -28011 -66452 -6237 45493 16102 -68735 -2964 55967 19423 27765 -374 -27756 56658 -12931 -11114 -59473 -36140 -24501 -22816 -9738 24977 -410 -32898 11029 -17324 7704 -60826 25362 18240 -17831 -20986 6966 50175 -14780 -24621 40266 -45484 103019 17055 17106 -9151 30577 -14135 -14938 83271 44852 -240 28093 -20418 2505 24073 42158 7631 -27487 -10347 14718 -6682 -25084 63088 -19855 24807 -25707 16011 56509 -43244 14426 334 -19256 2411 -3840 -28250 17969 25208 -10106 5664 
42128 65976 5342 8041 -7436 -64531 9233 -6336 -72578 -35024 -11652 26538 -18348 22260 -27334 -6238 11270 30702 -3388 -27227 -14875 19384 11731 -6439 -8313 78513 -16401 34751 -48326 -27514 -13777 30264 49440 -12441 -26128 -7758 -40096 27150 4864 -26071 -45579 17124 12336 -24977 -38435 -43167 17688 2071 6571 4183 -3096 45093 60088 32557 -27414 -88410 -60408 5823 -2155 16527 -908 90847 -26555 -13661 38993 27166 -33779 -37510 49436 -107737 -4598 -39968 33045 -31184 -7415 -22850 -22758 -74500 -24783 9390 102769 7072 9697 42316 132 20559 43997 24980 18934 -34930 6930 6465 -17820 -31724 43394 54947 1623 3120 -38833 -45200 
18099 46109 8159 36287 10376 24041 5335 -13522 21249 -23516 -7713 -26761 10663 -55625 -8450 8777 6704 -10785 40150 -20849 28518 -10194 54547 6507 42692 21689 -7617 7692 47352 -94555 -21824 44133 -63952 6172 -6926 50419 41843 -40089 18237 87284 -14374 32819 -9973 4233 23578 49332 33933 24594 -46564 -27976 38803 -193 -46114 -30823 -34114 50492 33238 35436 -62509 -3481 20495 -3531 -26939 27933 -28822 -40014 9549 -38353 -24136 -10562 12934 -44778 17445 43192 10183 9494 -16312 50688 47997 25945 -38165 25449 -433 -44481 28140 -4184 -16075 11892 -45297 29684 -19634 15426 -4817 67412 -2834 7380 35602 -72638 36138 -1897 
165 -39250 -39601 9167 -17818 -46618 20879 31325 -53378 43904 25058 -49878 14734 -33793 -12975 28972 -37825 2827 54894 22068 18855 -16432 86920 -16533 30617 14130 2866 18830 -37491 -9238 -20243 -9308 52342 54022 -3120 579 19968 34096 -10726 12876 45135 -14576 -54097 13769 -69333 2883 40687 -3230 4223 42537 21533 -32814 9429 4966 2633 -4936 14579 6470 -24535 -33364 -12831 12261 40267 37555 -8687 -53269 55200 -41643 -12332 -17386 17678 38712 40284 -26901 -3721 21501 -13490 56091 51196 -3345 -16893 11231 -65357 9108 2158 11072 39206 -12410 -18651 37966 -18806 26102 23576 21092 -30125 17356 75947 -15865 5819 -6885 
-22402 -58655 26609 47031 -13453 34176 12120 46919 54179 -7346 -3392 32598 -38826 -33954 -26080 20124 39978 56464 -3495 2090 10857 -37124 10540 -34931 25842 -30916 17233 41124 17849 8657 -37583 14924 96858 -2993 -15225 -21996 -867 3463 47515 12827 -46222 -5714 -21764 30616 -18275 -61887 5171 -50712 9311 16797 43057 -54213 52823 -1322 -33205 5211 55746 5754 30041 -46540 -17967 24238 -3104 -43726 58330 68642 25158 -65900 -70330 23060 -16561 -21251 -21008 -9068 -31163 18355 41869 10962 -26003 -8345 33373 36211 -298 25386 -10354 982 13722 -11380 4812 -25922 14107 34248 -11329 26756 4088 13439 53270 53197 -37551 -6922 
-31929 6365 -27286 -38617 -13453 -67767 34172 11185 14055 -37984 10332 22351 -33949 -5788 15452 -42181 52060 -45195 -85525 -59831 49100 -7638 16457 -18680 8038 -51539 -21945 63516 -831 -12709 35255 20089 33091 -92192 30631 -72335 -22309 88149 -21878 13043 -35691 -36397 -37576 16513 4970 -53726 7703 52725 -2312 -18490 12987 7831 -17277 -27112 2798 45986 -34349 50278 -19238 15153 -71511 -14226 7374 -11014 -41859 -13793 47278 -29130 -31185 27569 -19394 34081 -24569 29270 -33704 38064 50959 -65870 12869 22179 45529 -29474 -40922 30458 -11470 -33576 32779 -16068 21754 1301 8881 -21108 29883 13276 21621 -3882 27055 -52573 -40337 20049 
-45810 -36801 -23719 8774 -4846 -39679 -64530 -19216 18738 36654 -38825 -13577 23560 3785 -30350 18323 -16594 2843 36114 8860 -21926 -26096 18700 -62916 -24572 2248 31623 36010 21854 16259 -13107 -4647 6485 26418 -29365 -2735 -29787 -75982 74244 41422 -21799 89606 -4474 -27084 -36418 999 24274 27040 22401 82638 -20410 25138 -25781 -13800 117793 -9379 15850 -1041 -38467 -100435 3325 62113 34611 -9530 66322 8144 39608 -35317 11002 -18375 -54894 19695 2426 -986 45974 -42434 61182 12183 23952 30742 -53746 -23784 41974 28550 -62250 38027 31263 -16318 -10593 10272 32372 -5194 21350 2025 62941 -28647 -2819 69651 -877 5455 
