30
577 -20198 3939 -4843 -1519 -27530 8040 -1213 12312 13058 -4188 9561 29927 12965 10892 -29522 -13344 -6265 -25132 10236 -6877 -7569 -3847 28222 -12387 1758 33610 -21856 16144 11209 
12378 21603 -25845 6726 -20495 -12402 5681 -13857 5401 -2937 -17053 -57 -10598 -15497 -8166 3505 -2268 12856 23797 -14671 34391 -5979 20918 -31987 -4621 -13526 -30827 -3176 3588 8285 
-21691 -19401 -17239 14660 -4067 -17177 -2592 29483 15507 -14381 -504 -10260 10271 -20294 -22089 -15382 -9030 14777 35307 17010 9993 9776 -1782 14466 -11005 9613 -5107 -1075 -2328 21318 
-1195 25955 -10674 -17921 -4339 -6073 29504 -260 14498 6727 8026 23820 2078 15427 30597 14843 -6074 24646 -19234 9777 40481 -12135 -11387 -23790 19993 6714 35608 -18099 -3518 4069 
-10690 -15648 -6473 7350 9301 -4864 2926 -11093 16180 -10248 -14078 -8556 28675 11499 7792 -18598 -20931 -16044 -14138 13352 -20233 -8318 -3678 21720 -20145 2792 22547 -9512 6211 18732 
6672 -18442 -23202 -9379 996 -3545 -23712 -5377 5413 -2257 -15247 -26997 11845 -17562 -24193 -3820 -18713 -23635 20148 3922 -1360 -4362 12652 13049 1809 -30546 -17481 2391 -2247 2278 
-6948 -3883 -7770 26401 18612 18517 22502 25802 -22440 5699 3050 3380 -20509 20500 9781 16592 18805 -302 28952 19698 -1647 -21835 -28029 -13670 22403 -9827 -26962 7514 -12767 26109 
19541 -3186 24574 24019 -8340 -32379 5468 -24642 -10176 10394 -2746 -20332 -14591 1923 15669 -15351 -2166 40057 -24845 -1272 18220 28804 3837 21582 -15335 3913 757 -9841 4852 2085 
-30251 -12797 -27439 -728 13751 -32899 -1783 4285 18892 -7909 1021 -15483 11255 8920 9719 8169 -20178 27267 -2796 5884 -1877 18110 -12851 12121 15410 27522 27351 -8383 -15276 17450 
-25841 -22379 -35647 -5897 -74 -4359 155 -1084 19490 -6883 -26898 -21681 -17134 -16839 -23392 12803 2660 -27424 24012 42424 -12712 6793 -7714 -19178 22959 -600 -23643 41137 -36134 9638 
-18493 -38006 233 -16444 2920 -30064 28680 22210 -20722 19557 17125 -18144 -48815 -10567 -15033 39939 14094 -1728 -17652 20669 11149 6645 -19369 -23047 6375 -33452 -21389 -12901 -16968 10390 
43750 15323 53158 22422 -7549 -5043 32921 -6798 -51375 -11050 -38732 -60 5087 12887 30116 -29146 35851 -2780 9652 1936 9090 35426 -19982 -419 -14737 -16347 -13369 9085 -27863 -28519 
-9400 3283 4786 6986 -9216 1156 11229 4801 7654 43698 -13438 521 27819 19397 8897 3609 14388 1503 20045 735 8385 -27542 -27710 -20839 21838 -17715 2119 -2255 5667 -3502 
-7092 -28727 -13119 6852 15071 12612 -21049 6163 4400 9469 27631 -22725 -29075 -24770 -31512 23288 -15394 -5464 -12686 10103 -13034 -6625 8984 693 395 8605 -17362 5948 14591 26813 
-3294 -9319 1407 25491 17231 17908 24914 23968 -31820 17499 11820 7105 -32262 22454 5578 24349 4004 14012 16654 8239 -11685 -25794 -21633 -9880 28141 -12731 -28446 -11909 6395 25389 
29251 7413 23493 14063 -21304 -19834 -4042 -26789 17809 21667 11734 -9848 34217 9503 1626 4258 -12694 34 -16466 -26944 22725 2068 463 26169 2127 9743 33740 -9258 3433 -27084 
-10690 -15648 -6473 7350 9301 -4864 2926 -11093 16180 -10248 -14078 -8556 28675 11499 7792 -18598 -20931 -16044 -14138 13352 -20233 -8318 -3678 21720 -20145 2792 22547 -9512 6211 18732 
6672 -18442 -23202 -9379 996 -3545 -23712 -5377 5413 -2257 -15247 -26997 11845 -17562 -24193 -3820 -18713 -23635 20148 3922 -1360 -4362 12652 13049 1809 -30546 -17481 2391 -2247 2278 
-11935 -7687 -7139 28574 21672 14025 20775 30397 -19270 9089 7279 1356 -23897 18734 6991 20848 20028 2226 29248 22296 -2858 -18080 -27153 -14673 26095 -8928 -30261 5391 -13908 24135 
19541 -3186 24574 24019 -8340 -32379 5468 -24642 -10176 10394 -2746 -20332 -14591 1923 15669 -15351 -2166 40057 -24845 -1272 18220 28804 3837 21582 -15335 3913 757 -9841 4852 2085 
-14330 6569 22562 -4467 26724 -41151 24804 -9961 -24856 -5007 3833 -568 -9103 25777 17666 16509 17370 23700 -15188 13929 -24952 15009 -16565 -56951 -9146 -8376 -13526 -22308 -12609 -20766 
-3347 -6519 -15028 8828 -46602 -47554 12542 8722 21608 -13113 9353 16552 22060 -19903 -30619 831 -111 -25077 28026 -34996 30113 10337 11499 6527 -26505 9027 6365 18411 -12229 -6113 
-40730 11072 -4479 20358 -1427 -8155 14346 2420 29301 -16306 -15105 -7500 31700 6304 5270 15557 19532 -13134 35748 -17310 27330 -18459 -1019 -3521 -3837 6398 -11118 -16237 -22799 -12886 
10018 7003 -5304 -1577 -4782 -23640 29185 4713 -18910 -24000 -5127 31834 45 18660 -5004 26301 1727 -11713 9832 -4148 -6395 -14764 -41139 -65687 16207 10555 696 28249 -42026 15681 
1387 18146 21581 -258 -4480 -33423 15404 -38907 -10512 -17766 -631 1273 22753 24960 32460 -18901 24150 23505 -38380 -11165 15176 21513 -4 1672 -16844 35327 20098 -6943 -8126 -28863 
15766 3796 -3977 -7193 -8913 30832 9268 3482 -27495 30757 -6131 -14535 -6760 6462 12738 18133 9948 -24388 -8434 -10556 -3569 -34743 -7541 -7698 -1566 -54954 -25564 -26021 19083 25758 
17234 -15170 -8609 51258 -20896 -41258 33093 39718 -27954 32606 23933 -35140 -19233 2875 2447 34785 5937 -16759 -4523 -10207 -1859 20452 483 -7717 -22537 -23568 -12237 -15540 3875 13973 
-20210 -184 3145 7518 27181 15242 -11726 -4494 25227 -1593 36309 5984 3448 13774 -14876 52106 -228 1959 9362 -2822 -5337 -9790 -46574 -27428 28778 14701 -7872 23006 -20348 -10476 
4893 -15879 9078 -7453 9996 15787 -13446 -18804 -2005 -14681 -16964 -14340 -14826 -8047 -4332 -685 5645 -12894 -8350 23877 22336 5408 11946 22126 -3281 -26955 -15312 434 -21865 -9457 
18970 -3126 -13409 47662 -29497 -28882 35154 32544 -23640 18771 8403 -35382 -6685 2003 8667 23765 445 -20888 -1335 -7630 -900 12405 -5967 -11928 -27330 -21874 -10434 -9883 1131 29442 
