50
-797 7357 -37233 -7015 12315 16186 -20605 -8197 -23710 -26772 6964 6201 13267 -14928 -13764 -3798 30353 -18186 18936 20671 24388 39115 34829 31520 5209 47664 -24357 -8181 -14828 19822 -28013 -11163 -28167 25521 15296 17186 -6216 4759 -21866 -14378 -8872 20472 -42848 1030 -26419 14411 -7213 16806 -17023 -19029 
23308 4859 40141 9446 -7053 5854 -8904 9796 6336 -2815 -8874 4782 630 26009 34503 -13203 -30656 9405 -10019 -6459 -4823 -75124 9298 -36931 -5553 -34278 29112 551 10069 10856 -10296 -4085 20751 -30662 -14404 -11272 -13862 2316 43544 3594 16140 31385 23309 -40283 -1703 -10731 6711 9527 29053 8346 
-3782 27626 17314 3654 -7523 28649 -1003 696 -10045 -27864 2024 -30408 -15816 -27405 11533 1436 -13127 44078 -38860 31043 -203 564 59215 -20369 -5485 7794 13179 -68158 -14567 -38468 1522 31355 30444 -9389 16564 -8195 7007 22088 11479 -35439 -16092 337 -446 -31132 -2221 29969 -20377 29821 -5183 18431 
23671 19416 9564 -9216 13620 -4161 -24158 -35539 -446 23049 -6109 21120 35250 18844 -11707 33720 -11595 -41451 23215 -27262 17977 -31403 58022 32417 24758 -2720 -18321 -14471 -18579 -7009 -8914 -16908 450 30853 -2546 15907 5259 -10726 30189 -20280 -3695 -3492 -51791 -3384 20765 35166 -4158 18892 -30180 -22747 
-645 -6173 -9001 11167 857 -4928 7384 6832 39338 4668 -30684 23678 20915 -24257 2270 -30329 -38015 11941 -15306 -14897 683 -32104 2566 -35688 -39 -21868 40010 -8911 -25813 1739 26421 21296 -4718 -18998 -5352 -12122 -19974 -30136 -4376 30452 27660 -7867 -28458 16864 16122 37607 21368 -1808 -15132 -25409 
993 20766 -20714 5053 14590 5636 4078 -17850 15697 15304 4474 25824 5515 4602 -31366 7376 -31203 -6448 -15234 47978 -18033 -14082 -47816 5269 19791 -24592 7320 -9318 33618 -2693 31782 12149 -5483 52781 -7708 21476 -19215 11726 -13723 38618 12911 -56934 26164 15194 10296 -13857 1057 -20315 -18791 17811 
40140 36893 44172 56229 -32091 -16952 -13064 38317 -41545 39256 -21572 -12605 7779 5833 -10619 -1481 -1789 26810 -5234 -43086 17105 11069 40954 2754 41007 -22644 -14508 10346 -1951 -7728 -18057 6631 7045 27684 49981 32607 8223 19020 25875 -11209 3686 23154 72256 -32979 24072 50968 -25713 32973 9266 -16666 
-36284 35495 9799 18865 -3032 29444 13335 -12801 -23429 29289 -48079 -11296 -65838 11941 -46559 -14223 14717 -52988 -27625 -23454 6435 -8325 23634 -6290 9515 3054 -48524 -39396 -27004 -6071 -41343 -16784 28543 -14996 39185 -6853 -15943 23170 -15294 -36987 3040 -12499 -10573 -25721 24703 26839 -21521 -120 -36361 -24882 
-10702 -28287 -25332 26035 9779 18556 1260 -6182 -18754 13889 17478 16074 20849 9379 44246 -12012 25319 6231 -11902 3853 -9762 53336 -17407 2542 -27674 41235 19071 28609 -5806 5627 33752 -2547 -37314 4061 -5284 -14540 36390 -9091 -15346 6517 -9978 22529 44229 46295 -23522 -31590 -11639 -7709 9280 12078 
-40698 -39738 -34727 -13426 22818 360 -6402 -24006 -8568 46399 -55175 19978 -1999 -10850 6609 34630 2135 -8026 -34582 11287 -48505 -1954 20855 -48009 -13209 -39559 15927 6440 16889 -5276 12239 -29908 36429 14549 10796 42417 11287 31263 7248 -23390 38795 -46630 -219 -45328 -30602 -12827 34158 -18306 7326 13581 
-8820 37641 -21495 -44542 -10411 23551 7030 -39430 -45133 -5284 -5477 -46309 9578 -45530 -40498 -1176 8005 -41525 -7636 14904 30994 -2419 57764 61378 4859 12204 -11191 -6644 -2218 -24313 1016 -18055 -42211 62553 -29956 -40294 4550 -8267 -19063 10042 9435 -27769 -69132 24532 -10530 -198 6128 22006 -52566 -35233 
57880 -44024 17469 25819 10085 16957 18038 728 36386 94 10122 -16255 -52015 -30474 6892 -7009 45014 7967 27716 -56415 -21785 -14835 -11500 -3720 28033 -56231 -31674 78509 3084 -47261 57539 10736 -2172 -8584 4309 -6488 -14819 57598 -14339 44382 16328 -231 -9899 -28418 33664 -5621 40497 -15180 35972 -21697 
-12269 -25870 -1698 -1107 -8737 -16694 -17001 29101 -2582 -7697 10931 -1539 -14376 -9270 53237 -12636 20670 63496 -5297 -10283 -7838 12090 13683 -19556 -21292 -16227 34972 -443 -40371 -274 -23460 10718 22511 -25444 -2444 22512 30096 2241 43880 -33695 -17832 30640 18422 13455 -17317 1084 -98 9939 51824 -6684 
63824 26497 39559 -7417 -29015 10049 3454 7403 1994 -30734 48436 -40489 13028 -21278 8535 17901 18584 -43624 6161 -12255 44876 -19351 26796 22947 -24967 22993 -47471 13452 7397 -2890 12157 3164 -68652 6721 -2629 -42686 11588 -6960 16963 22729 -1415 16794 7282 29176 27905 -21831 -8302 41331 4049 -3873 
-7800 16281 -1331 29947 45204 23616 34040 34311 13959 -19817 33393 -43183 -26703 14556 -38321 7380 31048 808 22615 -26913 20820 51966 6503 15886 9880 -35373 -21708 6916 -254 -8093 11959 3721 -7267 -43605 7950 -15062 3548 29534 -23673 6420 -1040 -6571 -12526 -17950 34264 -39464 -42840 -6856 820 11501 
1569 -17381 3085 -14441 9950 -22320 1711 6815 15201 38751 -1254 7565 21579 35446 -7029 5986 -15539 -6533 -11746 -13393 8581 1556 -14030 7956 -12877 43387 2099 12862 16746 37473 30521 -27854 7092 -26560 -17003 13171 -820 -23464 -38261 16233 -4807 8253 25205 1924 -17024 1420 21110 -12300 -2181 17019 
13428 2461 -19775 -22249 -25867 27312 -7962 -55963 -19592 -1876 21724 -22304 -51171 21192 14790 14754 34818 -28218 20500 21566 -22745 17247 -665 6044 26989 -5381 -47422 14310 6334 -11424 -3522 -19478 -2600 43188 9958 -6192 11694 49 17751 -16323 -12353 -2064 -4738 16598 -35532 -8180 29562 -14080 -7213 -24217 
-53661 18060 -7891 -6952 6436 -30035 15118 7493 6098 431 -42709 39415 7354 14751 -39929 -20762 -52098 16875 -14184 2080 -3426 6080 -11566 -21722 -1006 5522 28773 -26946 7446 -16286 9365 31590 -11484 27887 -2300 -3651 -5014 -46039 -7919 27752 -19387 -21224 14440 33973 15213 23640 -10316 -42998 -11927 -5377 
3661 19942 8253 -5038 -36639 -35665 20353 1754 2955 -30025 1837 28581 -14841 27834 -31863 -39707 14518 13729 43007 20647 33042 17733 -33775 34666 34948 -6023 3282 -16002 21235 -4122 -39851 21314 4705 26814 3999 -31295 -15902 -19076 -711 18433 16138 -2014 -557 -19310 42348 34185 7868 -7363 -41500 -43831 
23750 13768 36427 886 -27812 17703 -25720 -11853 -6136 63666 -26919 28106 -48151 13577 47519 -8890 -45346 30342 3788 27275 -66938 -23793 -2338 4688 -6038 33939 26567 27645 13625 -5081 1781 -9818 25325 -13098 7516 16546 27705 3577 11751 13533 -4690 -8326 37570 -2880 -15770 10438 40667 -19434 8013 29852 
-11490 42101 18525 34665 38068 50135 29571 35822 9963 -10882 37489 -55079 -13010 -410 -43561 -7460 27799 -4360 15408 -41520 24044 63810 -954 28913 6983 -24675 -37682 6647 21815 -34466 36534 4823 -6497 -35900 -12456 -14688 5813 42223 -41417 226 -13515 -3410 1824 -11902 29259 -43569 -48813 -283 -139 17645 
-46973 -5882 29469 -28077 -10830 -19124 34281 -16377 21980 4233 -19521 -8946 -35237 -61404 -32608 14295 -31742 -33482 -49549 36044 -6469 -39681 37368 -58086 -25159 -7471 26544 -48514 -37079 21015 -6618 -15153 -2320 14206 15357 6279 2127 -7469 -2997 -22191 38903 -34622 -5216 45730 6348 44012 32269 7746 -43859 19168 
32938 -14043 -20782 33497 -19248 19538 -17 1811 33219 11681 -11989 27110 38313 3428 7512 15352 3177 -4016 -17334 -14097 5313 -19377 -42272 -25299 -6247 -37695 -44 17641 -12781 13667 12283 5222 -6953 -8207 -1605 -3833 17769 19306 -5196 14824 21645 -22656 20787 -20363 -2355 -15389 984 163 -9860 -28149 
-29409 -66344 14987 -14413 3237 -9161 692 -256 -21195 3668 -3023 -14934 -20999 -13106 10038 12918 32983 -6858 15191 937 -71024 -10850 -13414 -33197 7363 2054 5570 15038 31100 9283 -25057 -10886 3475 -19683 -12372 41139 -16039 7016 -12886 28178 5164 -11722 17565 20139 4202 -39093 30313 -11832 19558 28832 
16750 -3106 1900 38382 -11250 -262 45623 11793 71792 -16325 -17431 18252 -32965 3173 7566 -39426 -5119 15011 26164 -23723 2854 -3177 -16232 -13781 5836 -27985 -447 36418 -45352 -25007 13483 11616 -13187 -13386 -13066 -76977 15237 32142 29700 38489 8049 -32928 17318 23635 102401 -31678 -22789 -14104 -6027 -15186 
35728 -38496 9811 43618 34601 -8952 -23730 10902 19997 16398 48 -26680 24237 -9637 -16094 46374 27 25065 5374 -28389 12302 17286 28257 -23662 -22984 452 -10836 42637 -39323 -10716 46194 1838 -39517 -17850 33626 9833 37614 -18636 -16823 -19475 -6396 35756 6067 19756 -45369 29880 -32798 6766 -17286 20460 
-14614 2695 -12747 31843 7071 44300 -10046 17152 -10925 -34723 -1677 25418 -954 12370 -3807 -47440 23897 26538 18527 -52195 -2327 49914 -5737 21999 -26206 -10594 -7039 15532 -3266 -38731 30004 17718 -16200 2886 -37375 4803 -3970 30760 -30000 853 -50116 19139 18004 -9502 -1013 11353 -7330 -13830 6430 -28973 
13164 25659 -947 20197 6962 19039 -3403 -3195 35667 -12973 -17766 11564 4068 -14670 -16613 -28998 -50729 -2298 49148 -30410 -2448 -15949 -39427 33159 629 8392 -26150 15411 15894 -32762 1457 25724 -42368 5024 -26924 -33872 18457 77 -35492 57661 -28454 -29159 17760 22599 26150 -8752 -560 -19243 -64625 -22286 
30275 15497 5598 4014 4582 12025 -5371 6371 16461 -7497 509 56037 9346 11168 17705 -23719 -7123 9974 -3174 17663 14207 -14034 -12991 23525 25887 -4358 5481 -17120 20867 8979 18122 8775 20512 20266 35404 21807 -2800 -4819 -7228 40131 3742 -864 791 -17339 42516 3952 12546 5887 5305 39290 
-27721 -42079 -4 -27100 -18406 -34133 -18116 -33642 -36514 18869 -47359 12221 10282 -26113 9864 23306 11347 -21671 20879 13622 -20699 -24813 47748 -17086 12170 16326 16280 36030 4130 -11810 -33922 -22497 -2469 39726 -1353 11153 28838 -15111 15451 -9346 10873 -17052 -25284 1276 -14677 -9973 34938 -25491 -6637 2324 
-39848 33140 -26575 -12451 -21539 25055 -21622 -9165 -36761 6748 -22361 -6963 18086 -12098 -44775 12502 564 -99 83 14298 -5487 24594 586 11939 15592 -14944 -3751 -20919 24402 -60650 33100 2595 32459 36357 -22076 955 -3896 27550 -20713 -32904 -4705 -66494 -17134 -4034 13990 -15980 -12649 585 -40342 8539 
-3008 16776 21006 -14817 8720 -4139 -2950 -6991 -54313 -3399 -3440 9928 -15163 19972 4210 14924 35541 -35311 5591 -18341 30180 30570 35240 53209 192 21931 268 -36100 20450 -24875 -37617 9762 1148 10630 12861 5839 -10623 -10469 -17155 -20053 -43870 22810 -10267 -40546 -3326 -21542 6144 -16245 15335 -20236 
20625 -15071 2381 -2994 12345 5013 -4944 19141 10196 -24348 27906 -3956 -5351 4735 -4055 29876 14811 320 4362 -26777 2381 18381 44379 9594 5454 36494 -39066 -47567 -16845 24644 -15041 1558 2239 -26391 20607 14715 -11351 12217 -23295 -10024 -25787 1664 -29562 -4130 14035 23938 -14819 20030 3234 15708 
-6451 32680 3000 13397 3267 -189 -478 -11473 12439 -14570 10244 -8916 28963 -8789 -38961 3437 -37009 -10595 -39501 6546 44498 -13008 11017 3428 15108 -4295 -2872 -65871 5632 -21683 14475 49225 -23173 27655 16114 -21621 4806 -11970 -34399 12357 8975 -40988 17904 2007 31414 34365 -31394 -8735 -69728 1229 
-10861 -7501 14549 11225 2150 -2344 30203 1538 15655 -4906 12539 -17883 -18474 11412 2443 -36610 -6332 5930 1065 45233 2074 -6356 15794 3761 -10718 18440 16042 -4729 -16597 16262 -17731 -12494 11757 -15666 -14260 -16151 -11135 -5948 25898 2418 -491 680 -20241 3501 20717 9263 -17344 4165 -3413 -12778 
27196 10570 -10785 1340 2226 3091 -21837 29067 5181 -45743 33079 -17569 26251 19118 -55503 1079 4441 18982 20505 -20128 23747 11096 24709 30111 -14184 5340 -16091 -3471 -36312 -11993 -4716 8050 -39982 -36963 -19154 -48265 14616 -9407 -3135 11098 -9345 -3764 -37892 32453 10859 10352 -29845 45466 -39037 -14255 
-53761 -39518 -18543 -112 35546 -28017 14231 20289 -25605 12073 -15641 -4402 47189 -30364 -5789 5072 -22080 13370 -51728 -15362 21642 -2495 32920 -29998 -28060 -3679 66945 4319 -33765 4320 17926 9201 -30495 11800 1670 19683 17757 -11194 7062 -17411 20981 6126 -34107 30718 -24503 -4594 -40102 -21252 25879 26164 
12354 -40635 6325 30792 -4658 2155 2109 12583 -1470 6854 -19538 10626 35612 21990 3040 6869 20950 26360 -7562 6634 -4121 23053 15759 -39126 -4662 851 27567 16428 16438 19121 44400 -17692 -37703 -24739 16921 -6540 7154 -33893 -22343 27730 7573 28314 -5090 -8107 -45373 -8466 -1181 -13241 7387 27156 
-55178 -28815 19019 25353 24866 22026 39499 -3067 -9104 -9136 -16957 -3424 -5691 37955 -19853 8518 10916 32180 18438 -13447 10089 47748 1269 -28088 -8718 -295 43418 3170 -42339 168 16795 -7743 -12809 -16390 5843 -6061 35572 -16860 -16154 -46652 -24835 15501 -1565 27640 -9866 -1718 -42408 -25883 -21313 45662 
-1362 -24276 3445 -6755 6085 -35108 -29647 -18672 -28444 30425 -23270 4379 -25126 7602 11024 -10546 -3808 -21996 10507 -14694 -23122 -30275 -3199 6236 36536 4077 -13340 26565 14800 -10926 -7469 -6442 -1124 31362 14067 41569 -22545 -18568 -17225 14669 -14342 31769 28592 16206 -22469 22354 28123 -34664 14967 -15 
-29695 35121 35276 -11524 -2016 -6056 29395 11378 -7135 14350 7317 17373 -44866 -40677 -6658 -15348 -12929 -21712 50854 23607 -6575 281 -40306 -4644 -30650 -21226 41268 19413 47333 11069 -22192 -2906 -11233 -5899 -3727 21685 -2782 -19096 14390 7230 30046 11154 -31519 -390 -35754 -17909 66972 -19147 -8690 -49725 
-64156 2337 45191 -13218 441 -44741 46237 6619 -30689 25998 -22951 -26494 -6111 345 -81894 1223 -24042 -32927 35540 -17162 -6860 375 48867 23046 25108 -25227 18930 17251 23708 -14995 -7144 -13319 -41412 39820 -33273 5360 1937 -12584 6643 28328 13549 -37529 -13770 41045 52306 -17611 -3483 -24975 -22521 49 
22359 4986 -34311 -4817 -3240 -26935 -10306 -21376 9549 5860 -3623 35298 10702 -4925 34964 1990 -14954 8945 -17471 -2905 -54112 -42992 16071 -21854 18173 51315 -29332 16586 7449 39470 -32495 18498 10551 22004 18185 50266 -15184 -5141 44704 37828 31322 5885 -22940 8173 -11180 60500 5445 -2571 29906 -5813 
11254 -35096 5861 33350 10007 -32300 17747 16338 32289 -21291 -14737 -20996 22510 15026 -45266 -18359 -13732 39166 18971 -7991 3021 -29237 13884 -6380 37319 -25697 -9627 15417 -6862 2135 2841 5052 16745 -7283 -1612 6745 -22422 -1771 7062 23627 10059 6575 -46020 -21524 17191 28391 -24981 15288 -12988 -16722 
-22456 -54441 -17036 8795 34091 -9958 11655 2921 21897 7784 15661 -47691 722 16574 -33569 18217 -4338 3019 -7631 -3779 -20616 10056 -13262 2484 15534 -12398 -18299 -13656 7414 25229 17712 8066 515 -34509 4349 5985 -5440 10567 -39511 -5404 23972 -11773 -36358 -23706 -35268 13367 -11602 4698 -14735 14773 
18394 -12356 23573 15093 -10614 -15992 6837 4501 39998 6786 -30867 31598 24910 33802 16515 -13564 -7156 -1795 -18054 -30108 -10202 -45015 -29229 -34284 -10769 34871 -4023 23308 12659 21026 24067 -10204 11889 -43046 -7281 -3899 -27732 -18509 638 36369 -4684 7427 17284 -3811 19916 2693 10071 -11127 20980 19505 
44958 -47893 16261 34062 -29629 22573 -13265 -10490 9555 30804 -21772 26584 18103 14458 31462 -34449 25860 1006 9564 -9319 -25260 11730 -13404 -18515 30101 21631 -3148 51805 51505 1304 34614 -31739 -2771 17140 -1696 22261 -4741 16787 -6498 49365 10615 10173 -112 -29938 -4271 -15486 18456 -36679 9084 -1363 
-16405 59260 34060 19242 -18295 64963 29526 -25522 -14056 20554 1803 -29567 -7574 -23225 -33411 -49519 9548 -55880 -8524 -4092 36868 12556 4848 15783 37348 -25323 -8861 -8969 32753 -47913 6045 4886 -8638 57807 6917 -17819 1185 38507 -27527 10820 30619 -20759 18902 -24060 30325 -3761 10935 -27146 -58936 -53864 
-8292 14787 -27299 -58243 4781 -3108 -1167 2436 18422 -30729 -1021 9035 -33077 2653 -12191 -642 -735 3855 -9230 -11916 -18085 22384 25830 -15615 -6234 16441 -24669 -11870 11695 -11726 29271 -2061 8569 -38044 -18063 -15745 -26479 -21747 -4676 21311 1318 -12841 -28650 30892 24207 -5651 34264 7185 28366 15035 
13101 -614 24184 -2853 7940 -24530 -9493 19360 -34058 -16734 13026 -25936 -2828 -1309 31124 14880 24921 50338 36674 -36721 20407 22783 15414 22713 4109 23202 -29136 12782 35718 -48713 -21859 29980 32309 21472 11972 9936 19090 8779 13345 -29460 -27142 41646 34051 -35683 16968 4819 -22747 15696 23074 -19106 
