30
5666 -2158 -23879 13446 -7499 -4405 13480 -28527 750 -24682 -4489 -10648 368 -30895 6938 15983 -11008 -21569 -1706 8264 -34652 21184 11336 19354 18401 -23442 -3805 27159 -29696 -10489 
20256 5404 10307 -9995 -16188 -10702 3772 13144 -4117 25177 -15187 5171 21714 22782 3273 -20617 -11122 19047 14980 -31800 36715 -22190 -11340 -2363 -18253 27868 16934 -16677 28360 5831 
-37536 -10123 800 -17113 -3112 -6437 34115 30838 3038 -2382 -17037 -8948 4150 -6014 2530 20574 535 20490 25265 -3977 11422 -38304 26499 -39465 -35277 31490 33018 32093 -27656 -8639 
-19370 -21477 17889 14977 -12765 -19295 37845 32541 -21714 43156 729 -2914 -20898 14474 -12584 -2277 22715 -29270 29650 6302 8895 -28022 26657 -7525 -26733 30314 49464 1533 1670 -1193 
-16568 -9444 -18056 37489 8293 7277 9507 23429 18244 -4913 2553 21383 -17973 133 5977 -17550 45293 -24822 9936 10423 -2862 8761 16375 25076 -8327 -17351 -23838 10693 -29509 -20030 
-22865 9882 6757 -7108 2918 22662 -8469 -7776 31988 -5425 10677 22530 -5095 7747 28795 2907 -8523 8373 -39131 4439 1513 5083 598 -7395 -10918 52 -22405 -2824 -3133 -3246 
-29174 -18189 -10742 -18541 6196 -13800 4486 2059 4650 10552 15539 -5945 22165 -8451 -42823 4307 4917 -7090 22822 33617 -14328 8233 32027 -10157 5571 22746 8285 -12774 -24742 -3709 
-967 -18725 -56402 19716 -11394 875 38109 -548 15945 -21121 -17273 -18001 -15992 -12095 -8843 -1796 4750 976 20987 -7825 -11752 7776 15461 36399 -5302 -23071 5387 35452 -42040 20643 
-12206 1268 -19370 9128 9136 -29159 -10041 23306 -8529 2624 -747 -9498 24787 -17127 -42900 -3677 4492 6836 11150 1707 1190 5290 -26372 9234 -49724 35581 37216 -21096 3194 -11 
31786 -12467 -17818 -1494 4385 -15918 106 1099 -3444 -1480 6900 -7549 -3752 11969 2019 21864 -12176 -17129 18263 8656 -9450 4418 -24467 1915 284 14492 9246 12465 18676 22003 
18349 -7613 22603 -6907 10892 -6836 -2391 -5199 13601 -30899 7398 -7713 9492 17857 8189 -8604 -16747 -23036 28384 -12536 -17449 2809 -11397 -7658 -11903 2755 5167 -5066 -15297 25323 
-18428 197 -31494 -13514 -15651 27156 1150 -3684 9681 -803 14731 -3193 29009 -24359 -5824 5838 -4011 12560 -6126 6645 -6816 13661 -11300 26536 -3368 11998 -3610 7175 -182 -7601 
-7928 10670 -17207 -19324 -9817 23445 5540 -27554 19153 17145 -7515 10912 10101 14630 25384 -27695 -17320 21288 -7067 -18367 5171 -20233 37065 -22024 40755 9118 -31336 2175 -5791 -1272 
7805 11478 35664 -37571 -14154 21027 -38013 -35771 -11983 17527 -2032 9409 17138 6267 23468 -12608 -22376 10814 4536 -27648 -1550 2870 -6778 251 5382 9719 -5428 22823 32692 10457 
9766 -5775 -37409 -9293 -135 -8323 5887 -15942 6044 -15150 5249 -39667 -1921 1420 14898 1914 -8363 23872 283 -9281 17471 8398 -4225 -33330 12649 16167 -15656 12332 17058 3126 
8677 9961 7652 -3432 -5291 650 -9288 6391 -18273 8286 3202 -17465 6108 5371 5195 24393 -12822 -14878 20042 -2297 -21439 1515 9132 -14960 -5450 19562 46704 13095 16198 15411 
8839 19757 19146 22965 -2525 -15406 -1565 33516 10997 -6729 1839 -17470 -2404 -19341 6360 9833 26016 -2930 -27499 17291 6074 -3062 -43234 -25064 -8619 -19463 15547 -17150 -10374 -6870 
-2201 16568 -16495 920 4761 10022 9662 7582 2889 -27686 -1120 -553 -4700 1380 15128 -2831 -9513 18950 16551 -33605 17676 -19012 -1060 17866 -22927 -13565 32539 24633 -6136 6079 
-6050 -2162 -25287 19044 4660 -2507 21544 -14567 -2397 -12576 -11154 -30229 -31541 15111 23148 -6373 7304 -27682 -17239 -41134 -18239 4468 16940 -2109 1963 12567 -28143 -3663 13910 -20143 
-23837 -2235 -12134 15070 15143 8439 23620 15847 21103 6808 -7687 16463 -2928 7298 -5607 -1613 23022 -6698 -17589 -14489 5829 -12244 13841 22842 -27696 10247 -24677 3552 128 -30657 
-1967 14547 -22863 -3077 17929 4488 -3846 -24726 14118 -20338 -1254 4290 -4718 638 -21931 -19471 12700 -14506 -11033 -4635 -11484 -13430 2199 36912 -5919 12224 -18087 -76 2784 -12474 
-17303 1341 -6695 -10610 -256 13569 -5783 40700 22390 -26676 32527 9175 3225 -13573 -3670 21870 20247 13489 -10950 23518 -13363 -14711 -23355 -33867 -11457 -19297 3478 1145 -43506 33070 
12243 -11126 -4063 -3917 4730 -26788 -16093 -5422 -10650 -2883 -1291 11792 38789 -18369 -29334 7629 895 30565 -19209 17090 9205 10510 -1926 25483 -20830 -18401 3179 1882 2325 -16605 
24681 -21876 16804 -11403 12516 -39853 16500 9017 -19143 -11478 -1600 30011 -2000 -20130 -26103 -23671 7654 10332 -8163 5934 -8361 -4445 3327 -25338 -13415 5419 13122 -10814 -13055 -39149 
20735 -19550 64 -6301 32244 -39539 -32287 -13960 -20767 -5050 -10314 1144 5540 16520 -20130 4589 -1912 -10270 17220 -1056 -736 21360 -5224 13360 24702 -9268 -18997 -4996 9532 -27489 
13856 -11758 10310 -1290 -2032 2305 -23700 2389 -31623 14746 28263 -5251 -13875 2959 -1999 1232 6605 265 32379 27674 -2413 3414 2843 -4353 1923 -1835 12249 23064 3703 23570 
11664 10733 29989 -21672 16773 24823 -25688 9413 -1546 -1726 14988 37789 8522 4995 -12755 13373 -1798 -8788 -31383 7434 -40741 18196 1981 434 10710 -14038 2260 -8034 -514 68 
21052 -1365 -3084 25717 16774 -5607 3093 -26575 -5545 -17816 -10042 -18706 -2124 8213 47368 -4101 -1926 -19907 1527 -16978 -2762 14083 7845 -9279 -1915 3339 3378 39813 20191 -17194 
12019 -15464 -23021 -223 -687 -17239 5184 36608 1637 -19834 9125 -31998 -3815 20483 9797 37894 -22040 19586 21380 2260 17906 20789 -18165 -13220 -12385 6031 23121 977 12833 13494 
18492 6754 -1036 2455 -17219 6331 16405 -12536 4546 -6729 11668 -9767 -24213 16250 11829 -9312 -20953 7895 674 -20988 11291 -8353 4447 12850 19785 -6275 922 -21835 24910 1842 
