70
-13883 -22419 -42342 16858 16349 -14662 1422 46591 -2021 -46172 13034 -119 -21743 11890 -1378 -15217 29175 1177 39246 42726 45931 -21859 -27446 -22548 -14408 -32185 9094 -3108 -16909 21692 26747 37407 6105 -33393 15983 15999 35800 60764 3385 -23019 -19417 -10723 21779 -31954 25933 20821 -23213 -36190 7413 -6558 7612 -8619 -6886 15523 12536 -17637 -45694 16400 554 30962 8688 -10716 -21488 -31232 -26598 -11267 -8175 21140 -33609 29070 
653 -4590 13964 41768 37600 -15656 -237 -51962 33752 -36896 14487 -58884 9081 56787 -51960 -15914 2904 9267 -41448 -30537 702 23880 -15614 6949 35659 30071 -3164 9513 938 -26197 -2800 64042 -11537 11144 31386 -51355 648 -15685 35700 58752 -28877 49611 29008 -24026 -19597 -246 -14279 15170 -20147 6352 -3981 4106 29179 -3735 -4599 -12872 -20992 36585 -10707 -29183 -33783 -56802 -28837 38304 -25356 13825 -11841 41658 16491 27889 
-35299 13705 18648 18916 -5981 57434 58971 1771 17902 40156 35198 -4679 35139 11005 10791 -7014 8877 15941 6331 -17886 -3207 49430 7946 -59748 -2854 -20757 11554 3974 -41474 2354 -45943 -947 63457 2576 -33630 -59623 -637 -41721 39311 19002 -14233 26369 -17480 65293 -21276 -32917 -15624 -9572 879 10418 3603 11755 9779 -24804 40378 7595 29473 12063 -9244 72210 -555 -10545 12076 -45843 -35927 14725 -12443 49367 41186 -24029 
45641 -10798 -17801 -36207 -27258 -33724 8137 63972 -4011 31543 -3142 -1576 270 6207 20861 16871 -9564 -15124 -21506 -3572 -56654 10034 5405 43757 -28017 14218 -36390 -18401 11827 23405 2334 -30059 -34615 4813 -42339 49341 -8589 7563 25751 -2686 -26349 38246 6844 -14578 28315 -41573 -46755 18187 -15088 -7 -35426 -4186 2405 62370 -22233 29356 64289 -34045 22307 -71135 -41212 -23657 26482 37112 -20800 -9158 -15624 20382 19869 -29866 
16529 43265 -31993 -9706 -50300 -8782 -6928 24128 34291 -10892 10324 -18762 6387 -39617 -45835 4690 -57310 2103 25595 35737 31917 -27647 -52581 -24303 -890 21191 -46970 -11676 7717 -21324 12071 -48698 21582 -36642 -437 -11582 9471 31402 7564 -37763 34615 19795 35689 22777 11484 -3817 18520 -15274 -49053 -14188 -10986 14760 -5493 1266 -13840 22863 -60121 20224 35969 12001 -16253 -19263 -38931 18916 12352 14152 -56034 -17880 43339 -34865 
50098 2948 2200 -31559 -5475 -19353 10474 -28314 27741 -16979 -21806 28533 36415 -74635 -19590 3040 3668 17034 36488 -2934 -40062 14743 4285 -9734 32299 14941 42001 5128 -12269 -36290 -25183 -20919 -32760 -3081 42317 15665 -496 45666 7791 -12952 202 -12332 -15840 -44807 -14618 29213 -6038 -24714 -15981 15192 -31273 41316 4548 10381 43632 -4492 -11924 -23532 33958 -18725 2384 -4661 2076 50099 33147 30388 28468 -12726 -12883 -24756 
-26849 -33837 -69 -46628 15991 11142 -7473 42327 -11905 -34295 18409 -10826 19811 35175 12597 27555 32042 -8632 -26845 -13973 56302 -24253 -17855 -24416 -34379 -71686 26484 -27702 -45710 11716 -11390 -7986 -6377 -2152 -31106 13361 6478 22454 17828 35131 -37544 -52339 -16096 17564 6212 47235 13749 16671 31066 -1152 11193 -27585 -35164 -5012 25132 -34942 -7046 -14456 -16917 50251 3541 -56598 51494 -32193 9901 -23250 52322 35952 22720 16133 
1862 -53863 10891 31788 -19304 292 -49701 6079 13874 -77040 -3869 -8690 54068 2128 -86774 5322 -16579 29931 29402 -13660 -8882 21773 -10402 -99097 16957 2089 -26013 25749 -32379 21856 -17117 22348 -73854 -3188 -19770 6458 58523 30849 86758 22688 -18897 31859 5749 -8987 -65837 19447 -11436 -3612 25002 25107 -9193 -19866 23928 -31203 33100 -21809 6716 -12523 47500 13080 -29957 -33277 -31143 -5628 -16694 2892 7940 -23602 909 -10965 
2875 -14877 -28382 8864 18593 -9193 31141 -4579 -8647 33363 14996 -23940 -30094 -30295 29888 -14845 -28911 56210 -2956 21916 55730 -10796 1076 -14751 -26833 -11436 -23064 -38478 -57385 38783 75547 -7769 17817 -5546 3806 -14634 16941 31889 -15301 8843 -35881 12168 46952 -18330 12030 34005 10933 -7450 7832 -31832 12390 -10660 12423 40707 16838 -12892 -27515 -15358 -38304 21906 -22086 -13231 8235 -1988 5023 -56190 -42129 19222 -2851 36701 
1051 -29801 9657 -42959 13175 31230 -27921 1255 -39314 -21965 2174 -14233 1524 56054 -11974 46443 -45217 -33856 -47820 59865 21359 -32399 -53637 42725 -43360 -15982 31755 1242 -33572 31621 6043 -464 7214 3352 -23275 -33305 -8126 -4978 31529 -4193 22547 -5263 -47447 6437 -12526 4664 -2263 -29386 12488 15151 -18365 -8194 -32300 -27102 -22192 -36924 3123 -15731 29965 -36743 49859 -1625 8705 -26072 20817 -20948 23920 20497 -18104 44127 
18199 21722 -272 28158 4130 15652 28758 3564 -19663 35565 12014 1308 -8631 6950 11240 -2920 44751 -35069 58072 -8892 -9185 39409 -1275 36939 10173 16171 26845 -3582 370 -70443 38316 19728 37565 -9476 10991 -1024 15696 -45389 9988 -11923 -20756 -12547 91002 -28860 15835 3946 18571 1451 29676 -1257 20943 34737 25617 6409 -36468 -6971 155 15554 -22621 85 40002 9882 25320 -294 -7504 4144 -20556 -31410 -69121 26092 
-1280 19699 -24500 38688 38865 1622 25732 -26504 -64807 -15985 7909 72644 9117 -3247 2355 19990 31317 -2103 8050 -28767 -20837 -4342 31699 -25960 1509 13852 -20292 18742 -2366 -16205 -4711 16997 3579 2983 -38591 5387 37412 14223 -8625 -1450 -7543 -6519 4841 -2775 3999 14863 10052 23003 -1190 893 -14966 39793 25461 26797 22401 15302 35419 13799 -7542 -4690 -3489 47668 -35598 13875 51512 28304 -15076 32737 10499 -69789 
35218 36286 -38863 28338 30214 -21101 -40675 -21124 14982 -53474 63786 -43151 24190 16216 9361 -27324 -10602 20812 -6725 66658 -15764 -11526 -7965 -4677 -852 6086 19772 -68675 45981 28411 27142 -11182 -17630 -5125 5030 26677 4076 -3998 39636 960 37881 -45153 20124 18939 72042 8262 16241 -31962 -2573 23441 13448 -32993 -81024 -25403 -11963 923 -51299 -10421 5708 -28563 -25194 -14511 29628 -46680 -20432 2650 42514 31506 15829 80457 
37574 29499 3387 -19 27329 4980 -16958 -43602 7268 -430 -38720 6361 20674 27130 27855 9667 32318 -51579 15547 60208 -28480 -10442 -54920 69348 12214 -8408 21769 -17346 15833 -6053 -28985 5618 -15611 39996 27822 31978 -6553 -5205 -22525 -8669 9888 -18050 30094 6942 -11613 41928 24680 -43718 52634 -14681 17577 52795 50918 17344 -12615 -39447 -13465 18230 4633 1302 -2010 56544 22764 -22606 29270 41618 46243 -2306 -42743 18762 
-13317 31925 -13723 -34260 7790 522 -41758 -27085 9470 -15553 -4615 -59768 11190 6962 -5285 -18028 -3064 39443 25616 15666 -31880 -5705 24658 -70567 14113 3863 -29529 1934 -1470 6137 -16798 -19352 -25210 9004 -44059 17490 -8654 1247 -29265 -1513 -24245 -27351 -24657 41652 -31066 -38223 -8099 49817 -50179 24377 10279 60771 4377 -11677 23404 -566 16290 -44659 -32089 -5209 1497 -15262 -369 4964 -22136 19931 6692 4330 27335 -39227 
-50819 10083 37048 -12972 -1143 -511 -37582 5209 7026 -5479 -31236 -19645 10378 43000 41899 69340 2771 -51412 -59129 2537 -44935 36533 22417 60991 -37707 -9503 4964 29080 -6755 44693 -59619 1960 -8380 48767 -46801 -23220 -25740 -31514 57344 26464 -28857 35063 -27950 -10820 3640 -24219 -27390 -37124 28540 -1881 32519 -3723 -18321 25358 -8035 -17219 53666 9658 1331 -45166 -6768 1867 38501 -30951 -8496 12738 5035 29372 -18542 -4113 
-21139 21095 -10461 4599 46088 -6470 -5129 -18435 -45464 -41443 -40862 2092 40587 17697 37956 1333 26007 8001 13784 -18061 1697 60464 81909 -34596 54369 -22678 -31881 10348 439 26319 -12465 44460 30401 -18793 -50803 -355 14488 -4454 13494 21944 -37426 -31177 32420 -37556 -35053 19790 -32590 -12771 44734 6216 27337 -39704 -40525 36675 -5847 -21656 1615 -16434 25764 -8856 4525 -27689 35285 -46647 20755 4231 40781 32667 -6986 4115 
59587 37039 1868 1520 -23313 -19648 3472 -25167 -12506 20647 -182 46345 -14677 -4284 41273 29787 14773 -23708 40920 14130 -29507 -24507 20787 32990 -24204 25034 20181 -44940 20966 28810 27347 -75728 17779 -37 -12277 49180 -17431 -21214 17219 -4939 86971 -76668 -18935 26932 34490 18420 13618 -29829 -14593 41863 -27130 -8715 -22420 19582 -11559 11221 9478 -23574 -9372 -41743 19093 -6304 22700 52387 -9289 17976 9112 33150 13105 -21256 
26340 -41614 -52381 -43 -74456 -34751 33522 -23931 31406 32061 -35086 -7416 22457 -20414 -31868 30852 8026 3325 32991 12901 -54776 -19641 56502 -20342 -12105 15177 -61819 -24731 -24274 -11362 17770 -24708 -69689 15807 -47538 7469 13876 45790 -14822 32815 -41047 6899 -21830 -43240 -46450 -20326 -26120 -23229 -13264 4981 -36926 -6404 45185 -21452 74569 -13539 -18468 -6782 25518 -26684 -21362 -35404 -75819 81253 1926 -10086 489 -33392 9966 -29971 
3120 10522 -11201 -39531 -67071 40813 -2007 15588 36114 27788 -24435 3830 33264 -36133 16142 34457 -8336 -91485 27144 9292 -39362 57701 -63123 17712 37581 17297 10364 6484 39307 -27581 -47147 -6835 -4097 5911 12052 28929 -4544 -53092 20606 -32226 55404 19539 28733 40152 63172 778 48901 42351 -13161 24377 -22530 18848 -15639 23135 -39643 1045 46129 -941 -36982 -1852 -1650 10729 -5850 -35480 4700 8855 -55576 -63625 -25917 14029 
63689 12501 -18069 12826 17458 -27993 6682 -30053 -30003 -4412 30470 -6722 -15584 -4908 -6114 -15958 -12581 5836 18790 19342 -1346 -43534 22359 -26246 28532 -4423 30265 22306 17456 17135 45051 -16002 23788 -37885 26735 -22414 -31282 -44647 9960 -29372 18454 -4867 -18631 34918 12102 -31522 26846 -1771 32759 -12016 -2316 19930 8115 -39727 -13286 -15726 -39623 17590 9477 -17747 -892 -3219 3147 9261 -8704 23096 38848 35195 13072 42273 
26850 -32262 -23305 20645 -21487 -13363 -23869 -3887 -65833 -42652 1104 43289 -5654 35147 -38446 -1355 21667 7657 -17540 -16265 -34944 32494 725 52236 6664 14426 12702 67950 -22666 14032 19190 29931 -23292 -27607 4694 25372 -37499 -46139 17425 -7626 -50919 20408 -2559 -17891 2803 -64546 -37744 -39392 20836 12094 -5164 -21192 -21498 326 -54220 18490 11035 294 16390 -33404 19266 -1465 34211 -18552 -13988 6538 39724 1298 10983 1925 
-68518 55159 34849 -12568 2634 7448 -10534 -35117 -4167 -55719 14416 12418 55730 8453 21984 44956 12378 -29178 -43077 -36910 12866 13910 -13636 -21193 -1380 2717 -21656 21317 -41003 14580 -82503 24479 -8755 -16141 -58520 -10002 32807 -442 19473 17608 -49935 -4378 21276 -17740 -12884 14877 -24670 47158 -19014 -15311 32865 35025 -24980 82299 -6684 -12981 4137 6321 45937 35992 -24816 21601 47000 -54054 75230 82292 -22148 30648 22517 -45104 
32290 -21999 18283 -12629 -37964 36290 19124 -35688 12722 -36328 -23759 -9998 -6313 6250 -9629 -14984 17035 -3454 8633 1302 -5097 26469 -37348 33632 -28601 -13503 19752 19366 -12393 31116 -42922 121745 6242 2742 -27144 -59256 -810 818 -22956 25764 9496 4212 3685 -3215 6676 -18288 3826 3914 19348 -48463 -3891 -7549 -38294 26130 -15713 -11890 34035 604 16083 -10509 14583 -23754 -24625 -10404 -8776 -3719 10439 -19485 222 -21921 
25998 -73510 -34859 -7812 -23988 -41250 8749 41362 3220 -9406 -27740 7483 11601 -4600 16391 65590 8403 9795 11829 -2993 -63223 2679 19565 -11878 -1774 -35046 -17748 41692 5244 33303 7122 9252 18421 -18722 -39696 -25554 -15226 1677 -14932 20372 -21212 10842 -2938 22596 -13774 -30833 -54332 -20455 -35165 6735 -10649 22169 -19327 -7643 -25463 10272 -3905 -26542 17754 -6163 -12093 -37275 -23337 21195 -17149 -3922 -17577 10477 -10729 1520 
-18193 -16410 42023 12128 15228 -2380 -45247 407 33693 -17290 10303 -3303 19333 12767 -14719 5138 6142 51972 -56734 -11499 -19045 -28332 -22110 -3034 39940 -46517 9278 45199 -46360 8742 -44153 -8434 11135 19408 25924 25018 -36113 -5159 -968 17197 8461 7741 -57763 11619 -58598 -9161 25943 -5204 -35118 33510 -33089 27907 -244 -27650 37062 21766 -9694 -17692 -39395 9099 57956 -28391 -25053 -3758 -18132 -19285 -15057 421 14247 12531 
24453 -26469 17386 -22451 -8487 36471 24501 -12510 13483 -20234 -9739 -4075 4140 -17559 -14364 29189 11960 -47327 30987 -1482 42458 35575 -29358 -36647 -7335 -25817 46833 -27887 -43610 28044 -12260 -10993 -31251 -13415 -34877 -34698 54117 -6338 54312 4919 12795 -48750 53671 -5094 -26570 46660 29297 -12173 -15179 32906 -24430 -2254 -30828 17464 17887 -21343 -11989 -5178 17665 32282 6043 -28662 -21556 41382 39226 18594 -13966 26421 6193 -995 
-15064 -17946 -37788 18716 19508 -8352 -9088 33784 -13396 -42714 17228 -7913 -30991 -2870 -7934 -24438 18420 13303 34463 37392 39246 -929 -25380 -20100 -15398 -9700 16754 2107 -24187 18823 11047 39304 11420 -37736 26286 17974 38808 53476 2112 -14270 -32320 -5541 15833 -40260 25387 26196 -30217 -32109 -16426 3255 16678 3248 -12469 12980 17685 -6315 -41127 12497 10862 25942 2986 -10058 -16675 -16526 -17525 10176 -9424 29822 -31240 24219 
7783 -11972 20669 10179 9150 1196 20604 -42663 12938 -10085 27782 -73315 -11015 21384 -27148 -16971 -20048 24323 -57731 -27665 23112 23252 -38691 21809 18175 56952 4037 4508 -22608 -1837 6622 38184 6003 -8828 48548 -68690 4331 -22200 48257 52821 17879 44149 32924 21143 -5185 -24736 13272 29968 -66587 -8768 5330 33442 11104 11334 -33281 -6772 20811 28407 2035 -22820 -50099 -66956 10996 46654 -35703 16191 -54580 52798 41286 2336 
-38903 11214 13719 14570 -9532 59607 60932 -402 19227 43813 34297 -2877 34079 9309 11586 -10247 7764 17955 4370 -15077 -2995 47469 11868 -62451 591 -18584 15158 847 -39884 1453 -46738 -6194 58422 986 -29655 -55542 -5778 -43046 39947 20751 -12060 26263 -21720 67837 -22071 -37422 -12815 -9837 -2301 10895 5299 8151 4744 -20564 40113 9556 30268 13812 -6011 67387 1724 -7948 15150 -48546 -39001 18117 -11277 46823 43783 -26361 
60476 -47938 -50387 -7590 15207 -30262 -5514 68679 -19816 13921 38493 -29518 25474 -3453 -19055 3028 -5581 23875 -27346 19010 -44948 35818 -11253 49380 -4696 685 -35537 11940 19828 6404 41783 12187 -25462 33821 -23302 -3885 -2142 2727 4925 18438 -10528 12069 34778 5403 11057 -32153 -16565 -6727 -41602 22424 -60767 4995 23809 16337 3669 29830 42668 -24221 27327 -21285 -29071 -31217 -23384 14582 -34008 -41679 -39710 8317 -6300 3803 
32904 -30631 21768 17085 5971 24464 -12443 -28969 22428 -48597 37398 -19970 27712 -26929 -10888 -15538 6692 28596 -15430 19820 3144 35673 -57822 -16761 47835 -70863 25112 -8449 -40294 30504 -19184 38759 -10387 20324 40554 -40304 -30892 -70883 58428 19793 51220 -11804 24640 50943 -21002 -4977 41835 -19454 -10977 -3544 -30320 -15615 -14594 -6787 12301 -3713 21520 -10228 -13942 34493 23886 -37212 -10626 -16064 -25427 -7019 -57857 24048 24154 17326 
19122 -24197 -9071 -26758 -36519 8183 -3868 28381 -2036 27610 -21261 67541 1633 -9060 29243 15010 5673 -32946 22530 23463 -20294 23702 -5925 12864 19874 -11972 32476 -12696 38195 -11740 -1843 -7893 22446 7749 -51660 39865 -8033 -14196 -37970 -12653 -6818 -29520 41939 -8980 2579 12541 70625 -48892 -5101 -7874 -21706 2589 -15926 41453 8223 11762 -2841 -11159 47534 1027 18518 37130 26178 -56253 3702 -26626 -11134 -37135 -34967 9195 
-15053 8278 -12419 16914 -16178 -8674 2026 22796 33680 38634 5592 14232 914 9979 15231 -22931 -1598 -37499 18966 -10993 2438 -1830 19026 27112 -34902 7400 11788 -34430 36755 23470 18657 -12392 -355 46128 -22293 18564 16425 38859 -4065 19629 -12305 -30533 -14405 -52050 2002 35767 -31985 21049 -3815 -12527 18832 -745 -32092 -422 25404 27778 37185 -37999 -46428 39343 -11436 -9755 -6950 6040 16210 -23490 -18361 -5900 -28421 29365 
18636 15106 -29803 -12449 -28006 -8762 -13129 -150 -42008 25006 -25260 9740 -11113 4664 -570 1736 10679 16465 40291 4451 -31050 27610 51704 20510 11953 -18777 -31475 53854 51178 -34762 20848 37319 37566 -8899 -47070 22692 -62557 -51428 -71509 -20039 137 -22449 27207 -30416 -27404 -50078 51805 -35635 2135 -3581 -18535 -3951 21825 15745 -13643 2567 1640 -30962 -2089 -17387 93430 20851 -3164 -22944 26509 -22675 53377 -53515 -37751 -10041 
3762 4969 10148 -31551 18754 -12109 -26578 10420 -27076 52793 -30410 -18746 7054 -49892 49771 -37353 20914 46892 -14891 -2307 -1197 4937 21552 -37139 -19680 13427 -8762 -23950 -6988 55232 32767 -39515 14760 20315 12135 -34880 -5029 -1235 -68258 -20699 -10005 -37251 -29210 9156 -5451 -2974 -17046 23665 -4625 -19566 23668 -8055 -10122 -15298 10922 615 14252 -28044 -14774 16746 -74792 21337 -25008 27829 25758 -53661 -5187 -11915 -4666 12303 
-57171 29287 -35954 30891 8769 -45641 55452 -35323 11001 23007 -15122 19527 38986 12630 -5380 -10065 41523 -25793 -8497 622 -25557 -20206 46054 -5317 -11859 3815 -37606 -3025 -11072 68600 319 1689 -7790 40028 -61053 -9238 37016 21826 -172 18862 18102 -5818 -74486 -23879 -43344 -58010 -35359 -55301 49425 -18476 -37941 8411 -10833 944 33475 41607 18973 24956 -5220 21048 13298 -2690 -26292 23359 -36426 19896 8537 9440 -14527 -18233 
-1796 -27382 -18382 -10795 8795 -42728 -20932 30547 -45552 29648 38190 12101 11054 338 5952 -2381 35612 -21868 -27116 41273 -2731 -45040 9226 -7089 -27886 -2833 -57268 9554 -9823 -25973 18139 -27263 -36605 33807 -26577 10316 19525 30859 -8747 10290 -13875 -28549 -5581 -2188 -13787 -10787 -3698 17776 12266 -14364 7499 8325 61409 -204 44108 -40133 21573 4486 26600 28471 -12923 10957 -13216 -1567 -42076 -2233 -30334 18390 -4161 4162 
4509 -17561 6494 18097 -22722 13187 -6791 -14840 -23935 -17792 -2579 34945 19695 -56431 -4331 -4453 -8285 19374 821 17199 -55568 -10343 -8148 -21921 6177 15818 -31493 18078 -41337 -9021 -39379 -11994 -59220 17798 -2029 64148 45401 28921 -14348 -24269 -49306 42681 10527 -12367 -23099 18915 -3755 -3690 -11394 18270 -18033 33738 41876 14783 56476 6245 3552 2028 27224 4183 -56434 41837 -2564 -13376 51621 -1296 -13519 790 1183 -9839 
-53462 34743 22220 -3334 -20899 10374 -31197 -3407 25256 43134 -59135 -1132 -5833 -8741 25828 -24382 2548 2606 -19529 -6344 -14735 -23711 44857 -25337 30658 29529 -4245 -22353 -10446 -14379 -24050 -13151 -14007 -7319 56056 39666 -15342 23868 -30488 12009 21782 10304 -55483 -22307 18571 24359 -37817 27882 25895 7163 35760 -49921 -35882 726 31279 -23291 2440 -19191 -19993 -26254 -18269 64358 2228 14912 -7216 -31953 16421 -54411 -32122 20250 
24351 33450 -31723 47202 -26406 8844 -54017 5706 -55874 24964 16612 24000 -21992 -17247 -44000 -36183 17863 14895 50958 36625 -39259 23222 23106 -11406 -19205 55896 -32376 9184 13053 -49964 15251 -172 30060 -49306 38120 10006 -16914 18328 -55544 -5655 -3188 -15629 -5325 -15877 4579 -19996 -8813 -705 -30544 27325 14216 10123 41022 -6782 21825 17513 10502 35169 28155 4220 47419 53781 -59712 -13170 -7069 -13488 5694 -57089 -26343 -22968 
-14624 -31408 59686 -1629 3631 42280 23395 28107 17571 27959 -14069 10591 18943 2760 23890 10440 -4007 24304 -2013 1403 -16644 3207 -9034 13073 -21031 -40530 67542 -11118 -47045 18832 -6916 -39602 44538 15315 7287 -13503 10851 1937 29173 12017 7167 9313 -24732 60551 -43163 3514 30497 -32335 40373 8918 136 22507 22171 -19261 27106 16275 68413 -33394 -23302 46480 14259 -7399 49306 -19354 -6975 13242 17593 32644 20890 -18559 
-7401 -1769 17375 -12565 -57268 1718 -1278 5813 -5774 -2327 -22972 18033 18242 21922 25064 22218 43812 -60546 -2111 40896 -2015 26334 -39883 -1990 -26493 -4439 18894 -23282 -9072 -21835 9959 35007 -4260 27802 -30825 40631 7045 -5371 29624 24961 24743 -43559 33044 -25182 -45862 18566 82355 -41729 21979 22304 -21164 -29370 -30940 6622 -12705 -38234 -12476 -9804 44980 338 3275 -37237 11430 -38647 -53951 -58784 -8908 -32259 -3971 49882 
19489 -11456 25026 -4118 47210 4930 19420 -1494 -48913 20374 -19834 12310 -1323 23504 46947 39860 -3366 12122 -49828 -49764 45091 16710 17175 12410 -38945 -5247 -15846 -432 -59818 64099 39376 -52701 30945 5456 -1879 -41767 -12520 -18904 -16520 28617 8801 15121 -25252 5026 5752 53316 -34876 23134 27467 6177 -4113 -19897 36164 47398 -43069 -32688 15023 25991 -10014 -9346 -5062 12006 -5225 9018 8791 -60075 -44561 474 -15737 -5874 
-41597 13929 -21932 3747 54771 -39108 15373 -37733 -32041 16326 -13858 -8604 -3414 -7621 17639 15924 2617 -14742 -5890 -5458 -22784 2918 3171 -7884 47417 34850 -28703 15646 -13929 16864 15937 -31239 -941 -44345 15333 -43362 24572 18046 1052 -31168 -28407 4555 -5175 13731 6448 -22206 -73372 38373 11897 -8354 36783 24963 5634 9668 -9071 -12314 -29295 2217 10781 -14990 -24052 43622 -1743 22397 -5949 -4603 -31505 -5376 5556 16372 
-35217 1341 -15154 39408 -490 -2384 6778 9502 23727 6001 2737 10723 3426 57912 748 -32413 18807 -18118 -23098 -65434 35784 9457 -26653 4892 -18025 -38676 35924 17736 -31247 24083 4431 26530 -14519 10805 -13587 -11529 8755 -16426 1778 56394 7809 4326 -33311 -39497 -52811 -17173 -22052 -22704 5272 -19812 -38585 -24793 -9580 21175 1170 29703 18194 41330 -18452 54045 43429 -20517 -45630 697 -31959 3323 -30930 -18387 -13182 -4407 
-21409 -47496 -1815 -20781 -11455 19338 -4300 -12085 -9016 -22114 32183 3654 -53366 -15108 -2213 2842 -33309 20326 10734 -496 27081 -7206 -45081 -36195 -2405 -14382 56420 8811 -46286 18225 -4898 -5957 -7125 -53457 36708 -14280 13477 -14734 13963 -14626 -38854 21350 -3862 31741 -2411 -10230 30207 -18983 -20609 -11455 10734 32618 -23426 -13806 -12437 -18068 -15999 13598 -6473 30353 -10561 1676 25831 268 -20016 16688 -17470 2454 11098 9739 
59325 -9564 23912 -15608 18791 -14082 -4768 43952 32875 -500 -44208 -27247 -13414 23913 704 -16373 20402 21744 22009 -5920 21108 -2427 10008 -25482 9498 -51971 33771 13053 -29246 -45119 38306 1159 28184 28170 5088 -1330 -47040 -4455 14050 -21708 23847 -13995 10282 9722 -59177 27084 -34279 881 10491 15157 6077 34136 35447 -16719 -11142 -47097 -21004 -64132 8761 40455 27494 -35253 8972 36922 -13540 -1153 -3179 25239 7569 -20465 
-21992 -14964 8254 -42036 2757 -12182 44420 40694 26401 12171 -11360 -27108 -6638 -24297 17362 23012 -26219 14855 -14888 10291 -10009 35976 -18257 38799 -31882 -37527 -3455 -10597 -28458 40580 -13542 -1428 36054 7114 6575 -14259 -10127 9230 26976 4903 -24892 49176 -25524 -6493 10831 -28298 -5026 -28616 7019 -5504 -9129 -3785 -20575 -3509 -29729 25942 4004 -10437 -15497 -16618 9305 -26145 -10096 15410 17014 -29994 34320 14845 17184 -518 
38098 -10895 40 15729 -10009 14445 11570 -3406 -7929 -2041 11610 33429 27083 10241 17494 16462 29869 -17377 4505 -631 -8223 12164 40568 -11075 -26833 10244 -59872 -15395 -20049 26909 24730 13170 -43567 24866 -84749 10662 18309 35527 41079 -18969 -18304 -5441 -20087 -58023 23578 -8901 -44604 13930 49526 -25045 -21869 -45717 12395 15391 8555 -22249 41052 -4018 -7630 -17070 11624 -37598 -6079 -2730 -36761 -12934 -13549 20400 -22921 -33065 
2455 -3036 -41339 34449 2459 15861 460 27185 -27986 12411 11700 12415 35552 -18394 -27582 -36379 47619 11056 -1022 -26197 -13908 48409 53632 -66906 -3638 17795 -19571 7475 -6003 11677 26845 -46884 11763 -26594 -29016 -5891 18361 1518 38567 29377 2151 12195 395 -10106 55921 -26140 -23238 45138 5311 7392 27403 -19098 3902 16230 -3056 36362 86979 -3624 2130 29573 20490 50303 -62378 4552 -28201 -3265 -31605 5083 -3767 -34730 
-6777 7189 -17400 -15230 24708 -36110 -1687 13871 -19624 31512 -33612 34153 -14163 -44304 -3005 -13440 -29 54084 -28827 -2853 52961 2303 20440 -12425 50025 14888 12072 29461 -1419 -2395 2342 -13297 19622 15022 43769 61184 -4918 9698 -10448 -25560 18922 -23286 -760 -6695 -2756 21837 44230 -15338 16253 -21599 -3262 23924 17018 25542 -2372 9339 -2643 -25163 44054 -1097 11658 39339 34901 -36321 32861 36894 15962 -39553 -11625 -14352 
11064 -42642 4656 -5597 47315 5851 13148 -15088 -21935 -11642 -31587 21680 16154 -13145 18111 3033 19946 38506 -36263 -8298 -589 35180 13512 32985 -25943 3929 57722 24491 -8744 26179 -5934 14261 293 33918 28212 -2412 17795 19827 6027 49493 27445 -24256 1674 -34295 -8894 56555 -16061 -17079 -51989 61717 -27415 12604 -22441 20778 -416 36762 27479 -20157 -7961 -19085 27617 -5250 -24762 26831 20629 19508 10027 47923 -32560 7800 
1263 903 70311 22664 32118 4754 -8868 -44282 11397 -40236 4924 16568 -35273 31402 27102 1050 -4017 2169 1976 -46393 -14063 42350 -8792 -16624 18729 -12892 23256 32139 -7904 16575 -38134 121609 -2343 -2457 8609 -50491 -2271 -36078 -7143 39780 -55872 1637 35384 2165 -34257 -37746 -35270 29349 1882 -8638 8983 -2635 2562 28868 -14501 15741 -21148 24790 18877 1399 7291 -12987 1888 -41739 -32363 11722 -20490 -16796 35940 27568 
-12726 20414 -43805 16454 -14815 -3934 -11789 49268 -43207 10243 35937 18026 -25289 27664 31676 -9944 12719 -62339 28670 20413 36659 4295 13514 12424 -71204 -8298 -21170 357 9363 34459 63293 -59841 8036 -3995 -40046 36122 -282 8582 35151 -43613 -9448 -34607 2071 -9015 36813 10230 -805 -3407 26216 -5429 4724 -41177 -32664 33932 -26176 8787 37392 11547 -49347 27110 -5840 -28279 17417 7976 -11346 1583 -38823 39000 2601 -23771 
-43007 -10365 9642 -27110 13977 1880 -27392 739 -15683 7743 12427 173 -29193 -35457 -34815 27178 -36344 52940 -20393 -37024 47308 -21833 -5438 -8173 -17206 61083 -38410 -11319 -48043 -5609 -5262 -60421 2775 -48736 35219 -19669 24727 55235 -22893 -10647 -23351 26009 -22265 -20855 30591 18413 -36284 38859 -56878 -9919 37819 65286 70295 -34190 6203 17976 -42994 35919 32502 -4019 -15117 59262 -29253 35344 58023 1562 -14673 -33286 9744 -49399 
24014 14502 10002 -16890 -14176 -19642 -67442 50528 -3214 -15532 -41799 15501 -14389 12675 -14153 -21184 30752 -7201 57884 3927 -25800 -33330 4191 8715 7038 -751 26101 28685 43502 -35999 4929 -32977 -22314 -1452 -7796 45650 591 8981 -48394 -26494 -23644 -6749 48126 -42585 -12659 -12733 -30369 -43289 -6442 7449 28151 20842 13678 9749 429 9071 -31723 -17180 28850 -9718 -433 25033 -8430 21057 -2486 9233 12922 -11791 -13440 -6773 
5364 3447 -38744 15613 17378 -35826 30725 -12610 -3265 -434 22321 17223 10996 -53115 22593 -28172 -48585 12761 3238 36171 -45737 31847 30025 -24466 65 -6401 32728 -16721 7621 43139 31334 -34595 21159 -449 452 15475 20208 980 54060 -10037 -2354 5390 -8336 -481 6996 -29558 8585 -38184 -8797 28147 -13934 19449 -4653 -1682 31082 63882 32710 -10647 -10781 17150 -9995 -11677 -2396 15820 9543 33498 13119 64930 32270 19232 
-12959 -3553 -32871 493 15366 13328 -5051 -44280 588 -6285 26528 -41940 -13176 40243 -19014 -2523 -20478 33308 -12782 -14562 33366 6092 -30676 27466 27938 18704 -23490 -13829 -6841 -35099 4674 22432 24686 -37045 7208 3787 -20415 -6605 4961 -20968 10798 8455 53885 4935 -33357 -6835 4147 -30001 -23383 8603 4534 -8475 30091 -15139 12385 -23183 -51922 19253 3177 -29979 14631 -50001 27665 -6407 -8968 -39370 12421 -23132 42180 22111 
-22217 2309 5489 -42810 -14362 -10354 10071 32147 -26642 -10980 -24360 25295 -33910 -53177 22615 689 -3211 -25756 -6281 6629 32207 -5692 28084 -4036 -17901 -16566 25188 -15132 -1123 -12014 14972 -15600 -12557 -18999 35457 33566 6626 20897 32616 -26069 -9167 -9850 2794 -45602 42046 6003 11700 37522 15952 10934 -8324 -37015 -27648 5230 6411 13043 20861 -2182 12522 -29840 14342 244 -10215 36051 17880 -15912 12959 338 -2130 -10246 
-22990 -703 -37187 56641 688 -26562 24720 -14731 -4887 -23955 -22969 2456 -10526 52394 -42872 -7809 34860 -28937 -54130 -57494 43835 -13967 33761 -27978 61509 13257 -8717 44097 51912 -21052 -14453 44317 -14773 -22328 -12915 -31926 27651 -46609 -48821 42467 14505 -22329 29411 -43058 15862 -27080 -34317 -11153 -40059 10813 -47039 -92321 -73557 30971 -41069 -23574 38521 39361 -23813 -36207 -1422 -27787 -58934 20966 -33161 -3122 -59343 -42045 -30186 34274 
40470 6058 -21024 22138 -14303 -11761 -3312 -28549 741 -25345 24662 34035 13454 -6310 -63474 -19614 18182 -42702 -16829 -34533 36837 15795 6450 13011 -14911 18014 26546 23185 40511 7582 24245 -14104 -34201 4424 -43480 -48758 -14156 871 13915 27641 -739 -26130 21295 -73864 7185 30196 -1828 7048 -11273 -24753 -13850 -28798 -49138 54728 -20718 -24428 564 -6531 85216 31288 1772 3761 -45872 18218 45408 -3118 -6853 22134 -16717 9757 
6582 -42768 -25693 17693 -22820 13855 -2826 -38392 -24518 31467 13852 15075 6937 -57654 9845 -14332 -9429 7953 14953 11821 -22838 64504 -11450 -6113 7365 2314 29517 33262 -11507 -11679 -25789 -1418 9145 -19804 20957 -20870 -3173 -15355 11371 23495 -26529 -26209 2324 -12637 -26327 20613 12497 -39555 -16414 25597 -28215 -17407 -36303 -2932 21019 -18604 -9752 9026 29438 5287 -19777 -2498 -14574 -5306 -3641 11769 -7691 71 -13229 21692 
32654 -27338 -17615 -2456 -30311 -29209 44876 56201 19418 -5875 -36998 53050 -24537 16974 -49707 82219 19254 -15411 -30012 -3186 55539 -40743 25606 -18734 4365 -24780 20220 -11106 -40047 12782 41480 -45160 18823 -5651 -33704 2586 -2074 -4189 93224 -6518 27902 11015 -2017 38140 15772 -13750 24777 -40807 87516 -17716 -29324 3831 10083 -24667 -44825 -51900 22654 -44417 88795 6247 -9020 15212 -7691 -599 3612 -590 28773 2953 28788 -15076 
-19219 13127 -1705 -21550 -10641 4320 14937 13230 -18794 -3479 14102 33007 16866 -4244 37102 22394 -29332 -17797 -11243 5961 15751 -15249 -25405 14885 -7020 -6337 15494 -29430 40861 -17518 -9349 -40430 -6126 -8539 8841 33149 21036 -5875 4278 -24688 89765 -28397 -5626 28986 48555 45979 56054 -8277 3812 11815 -34319 -1354 -23053 -68303 -11425 -9993 -25276 17611 -17373 -1513 29334 27339 29965 -34470 -34302 -37406 16895 -50800 -17860 30438 
31382 38173 -19905 -36925 10389 -5509 -31840 47516 -20686 36699 17518 21257 -9184 -14594 7548 -2400 8634 -14798 33063 50127 17202 -7187 -45766 49587 -50936 8183 22841 -64225 28549 -31944 45599 -55094 -2595 36650 21294 50043 4952 13445 -31213 -20017 37915 -88458 7902 8600 6275 33363 74256 -27346 -12414 13092 -47650 -7040 -15195 10753 -8773 15113 -7435 4121 -7919 -4151 50878 -1234 2103 13006 7946 -11883 19314 -52600 -44123 -19580 
7978 7274 -49803 23224 -29238 -12752 37598 -5861 -3257 39646 20057 -5072 9725 -13771 -10729 -4023 8515 623 59647 39420 -74554 -7870 30561 21152 9185 20059 -40835 8152 3068 1814 34137 28980 5531 -15200 -34879 9363 -8782 3807 -16385 11773 -34282 45212 -30701 -10877 4796 -69419 -15486 17459 27779 -16105 -13455 28961 -14192 -3267 -2281 39908 -9611 -38704 30085 -31815 24598 32242 -13837 -10393 -25979 5088 5931 -4566 -41542 5146 
6129 -14144 -7068 4668 2131 9790 20621 44733 18917 -2090 -25532 -35345 -18946 44297 -31872 11852 22148 8846 -50987 -7152 28463 9665 34188 46259 15135 -18683 18056 -13147 48887 -10114 5395 38118 -10631 59645 -8517 32301 -22600 -12322 -5364 26717 -11254 -3565 13355 -608 9808 28862 -7056 18728 31704 6129 -7147 -40860 -29291 4685 -5153 -4305 44623 -64428 12503 8028 8241 -32402 34112 -44787 -9704 -17407 30222 -5356 -13885 28120 
-27732 -34607 -8688 10494 5730 2552 -28764 -8414 -25240 -56048 -23498 33509 -11378 25279 -19105 35615 -43888 16461 -10730 10353 32210 11954 -33829 -4695 -57175 52364 -5475 17304 -49205 5288 6286 -41063 -2852 -31349 11418 7537 60809 57628 41354 37546 -18902 23590 26036 19672 34628 50014 -7101 -22829 -2837 22858 29222 14758 35778 5948 -27316 2524 -21652 32022 41030 9613 -28242 30774 -14087 -8450 32318 57675 6041 20254 46648 -28270 
28479 27032 17330 22901 -22097 9425 19955 -29788 26136 15715 16739 -31387 11164 -44626 -30423 -54447 -5391 -16329 2655 22880 -24118 -3122 -17304 -3573 -604 -9538 5270 -26198 14652 -7106 -57717 22644 -33972 26333 15 -22576 12284 15079 -3193 22435 -412 50334 -8831 -30226 -43854 23357 1881 5827 -38298 -34557 8822 24957 -14061 29265 35606 -22313 29193 -9153 12241 23543 -41229 -26058 -8945 45177 -372 29934 -30887 57879 14019 -28652 
