80
-15221 -53006 23568 4787 34027 30248 10344 -12757 13852 -15334 11149 24757 26002 -64563 13166 28602 62051 -70707 1997 26610 5561 20446 2349 -56604 31788 9251 31144 -26038 3740 29012 31384 -10027 6955 -24069 -10957 -1838 624 2707 -4374 -3477 6554 6030 26438 18106 -20769 15012 9126 -19642 -1285 19034 19200 -28195 11704 -22853 -70259 -1732 -18729 -12627 49017 -38858 17413 20440 -33568 -8941 -64160 36987 -24751 57685 -42599 -22608 5222 4060 27828 27113 -20078 -717 -11638 -30630 35047 20050 
-14913 -23794 -353 -13855 2125 -35790 -11027 15928 16481 813 -3476 -41081 22454 65507 6013 17735 -6169 -40514 -11878 25502 -8431 -48306 -15413 -11913 47876 -36576 -16332 -26296 20169 -3795 8994 -14150 -15092 -43964 13098 30388 26206 20918 831 9595 3497 -12263 -8652 -19720 -44499 6874 -26681 -25073 696 24 16120 -28613 50502 -11226 -21015 -21004 984 19370 15943 10859 10989 -36670 -16377 1868 -8300 1216 -10328 -74763 -22591 -35055 26384 -13048 8923 -12844 59526 13588 -3616 5308 21926 -10844 
24928 -39769 4404 -15545 52983 -16753 52719 23979 -1358 7811 6654 5950 9416 -25562 1314 20899 46716 -5149 -39825 3547 -16 6886 41139 -28443 -33415 -38094 -39359 -25047 13769 2201 -10680 -56162 -43312 -19980 -58901 11169 27213 22918 9514 -11031 5961 39695 -9798 43907 14036 35418 -19899 -40462 44995 -10284 33085 -42629 -29932 3701 -50713 -20324 5343 -21157 21372 8089 32786 42371 39389 -773 13142 -13008 -24454 25374 -43474 38752 -17092 14506 12623 62594 -20908 45362 19410 -32382 19463 -18163 
14396 -48358 48552 36211 38181 -24493 18743 -23234 46785 18140 -12933 31556 -27875 -35488 28229 17750 -14866 -22090 29983 -29339 -22255 16155 72243 -6299 5717 -39945 52079 26509 -8284 9969 52222 -6671 12507 -5655 -19896 8865 6844 17292 -40434 -16910 -24581 -4086 8088 -4870 38003 61555 -1089 -22095 -32744 19778 -10673 -51403 -14879 -13422 28173 45302 -34517 13289 -40687 41752 1687 6886 -4429 -19603 27053 18205 10011 12952 -24247 72029 -5356 -24465 -2375 21256 -19331 -40358 -15933 -16068 27899 17612 
11529 1836 36629 -2819 -32855 -49399 8770 13870 -59702 3039 5796 25167 -25412 -27596 23316 5510 -18694 -35022 28107 18272 -48158 4234 -34796 -35250 -37554 -17181 -32616 6177 50174 18754 40481 34474 -10043 -96158 39160 -2211 -49852 40903 -38381 -29749 53098 13060 85968 -11922 -484 -25420 -8467 -24233 23417 33485 70072 5204 -23752 23695 -17859 -15687 8433 7772 -52990 -27041 8915 5285 9040 -698 -11830 -29537 41341 -3490 4712 -5951 17086 20131 -31847 9555 5606 5200 -38639 32322 -28776 -5382 
46316 -5643 -1362 34438 -31244 -56372 47298 29031 18594 46699 -20519 -17919 -8760 -53302 -21829 -3308 34103 18593 -10543 645 -52824 -16785 -20989 -5768 50603 72350 2899 56043 7926 -3889 2999 -8389 41339 -40956 -1248 -30188 -13629 -24146 -20636 -5519 -11088 19963 -39890 -16430 -15574 751 21603 -11012 -21551 -2007 4938 9891 -43278 7456 -52006 -20778 32899 24303 -42589 -14013 -46248 -18063 16051 -13986 -18158 -22712 -18416 -10160 -32688 6918 13615 -11616 11062 16230 -35722 -36523 56261 20351 -12630 -51819 
-58321 -19870 -10481 -20012 -49689 -8375 -16708 -2797 -14143 24009 22094 -31782 -19315 -6022 -15181 6716 63307 -18108 4835 -10304 -13059 -23450 55547 -750 17770 -25349 -6456 -18912 38382 260 -55208 26883 -8984 23023 -26488 -11197 31328 16285 -5504 13160 6945 -26025 -5655 16875 -19006 28481 -10366 -48367 -33241 18550 -19128 -41098 9407 -80900 17395 -42163 -15966 66709 10779 51026 1600 -32373 34831 -40624 -12556 -12429 37173 21117 -31395 -64126 15322 -18122 -13278 -122 -7193 -47139 -15046 -16156 -1040 -39172 
58436 -3914 44908 13902 12564 94 39895 1093 -7842 -8368 15848 -4514 -10020 -21987 -4007 -2360 -3371 -53023 -2359 33368 -20799 -14052 -5513 20159 46370 9283 55122 488 11160 16551 -41069 -39740 18583 -36713 -19129 50866 -20417 6071 458 25800 -18946 57438 -45505 -6447 8016 -24221 18565 -2878 -45979 -8055 -5609 17709 -20814 36223 -24064 -20576 6363 3024 -32379 -6006 -82947 -19211 19624 -7602 -12976 6151 -28282 -826 -20411 -50385 64866 -324 10397 15588 2370 20155 -5549 18982 20542 12664 
-19188 30750 4167 -32675 54997 -572 -37043 -4991 -15184 40345 15371 61785 38145 -51640 22310 48123 22304 -9488 8902 33724 -9273 10411 41268 -14718 -13759 31935 15073 1911 23235 59881 -56243 -52031 27409 -34249 -40722 -14663 -5369 8600 45430 -3031 19310 50729 -10345 16585 13900 22809 834 -1013 22795 -46151 17236 23275 -45071 -8734 12268 -29136 44513 -40017 -4236 -28740 -65513 20182 -52797 -11815 -35822 12227 -64566 57147 10190 -9162 -25321 -16583 43607 28749 -38354 -2846 39899 -63362 43413 -9208 
-28381 -15940 36354 18432 -40333 -13015 -31454 -20645 44629 12634 26218 10287 -47972 -3386 9784 -10572 12379 6406 -41619 -45767 21251 -11905 -31618 -11049 -28984 -12047 -24773 -32073 -16537 -15511 -30618 78475 -18619 -16300 10603 6564 -60928 17719 -4362 48858 -31013 53197 47165 43052 34161 46732 -29693 -39084 -11400 -39778 -25389 -6576 7498 27300 37262 -5055 11734 -42486 21489 34012 -1212 11018 -62512 -17708 -26197 -1405 -16489 7318 9927 17782 -62387 16727 8375 -14034 29709 809 -5506 -14247 45158 -110003 
-13006 -43775 25927 26402 21868 60508 31284 -10368 -13355 -32115 22376 -10383 21040 -36767 -32754 -20124 18523 14038 -502 -17289 55794 -31593 38004 -47794 -28272 -3860 -28564 -48223 -65709 50267 23481 51270 24413 -22379 -35679 -9369 15239 -13877 38531 23262 -9819 1947 13620 20599 -34772 43965 -2815 -9828 -11065 18427 6765 11441 -5485 -21823 25471 -13374 11193 -98360 -13757 -28553 -57669 15922 5167 -17285 -35051 7089 -5841 14619 -1702 6652 -74817 48892 17930 38444 -16974 -1641 -4966 -48311 -2901 -26106 
-10707 4628 42979 -87521 72689 -24925 11554 -13749 -25239 -18403 -42756 -65924 45398 36136 16121 -12709 -10276 23514 -75037 24982 29596 -36684 12716 9052 -12397 -12533 -8312 12266 -13032 -5980 -3141 -36711 -76849 26986 -31642 10694 27059 52272 -14896 -25632 14387 12428 23631 -39691 57198 5312 29583 -15870 64974 -13669 2129 -27451 24929 18099 -15220 -5080 33511 32302 6418 48269 17840 33102 -3594 57441 -25730 -1507 11686 -27084 -9560 -17937 41058 -20858 -19156 -27990 -26792 -12754 -11006 -24591 78554 33234 
-56221 56236 -5341 -29543 -4402 26905 -43878 25603 -26331 -53033 -31356 88813 35756 -59938 21379 23279 -16813 -12150 59626 40841 -35740 33689 65314 15572 -2766 -49506 10568 41700 45411 23502 19998 -3668 -1305 -10683 25967 -744 -11715 1624 37517 -31380 12367 -29861 33601 -37948 26266 -13916 10731 21809 27390 8462 62029 -32730 -26765 -4918 -19961 -43444 32895 -7261 -3689 -9625 11651 13585 -23346 10001 -10098 -22585 22864 34311 3651 49157 9969 9253 -10897 1278 -2094 5626 14006 -30240 11434 7144 
-29463 39124 -40900 52322 -17102 30009 -46212 -8619 -8477 1043 -7034 22125 79385 -6268 -34434 11868 -4257 -54415 -25959 -1036 -23776 -6218 -44917 35440 1754 -33493 28092 -3340 15300 -40935 55134 32379 -8857 -45377 53093 33605 -24848 -15974 3641 -11073 11283 -8896 -37038 -1775 -24607 9064 -12966 10888 21029 -14750 43231 -41967 15267 -26291 7160 24722 9742 -27520 -6618 8205 27382 7194 -2631 20895 -16111 -10578 -19079 -17310 11376 -36408 -24377 15985 14685 -39941 86604 -10435 -29365 -15856 -2953 -51723 
65617 1067 -31028 5920 -71968 -2234 -12300 -64279 296 2302 76589 25467 9895 19612 15603 -50140 8165 -39494 -61565 -6186 11486 -19691 -36405 -7832 18173 -54029 -25670 41763 18914 -66517 15352 -12428 -39530 -17832 1381 18058 -6194 -8298 10214 -25978 -4237 -25901 -3389 2334 33779 -4512 28866 34495 38221 -6944 14599 -955 -3465 -3388 -15032 18305 -35481 31545 -71501 49030 86281 -31327 46133 19627 -2031 -46652 -8164 14275 201 256 -1122 10069 11312 -20691 37396 15809 2445 17693 4868 17849 
20734 -29510 -16595 11235 -17671 1719 15276 1661 14347 -43708 -19729 -18755 -3276 -6670 21611 -36636 -19168 19847 -12437 8949 -40973 7011 4951 14353 35434 16257 24058 29293 10773 -69069 14532 -13591 3656 -23892 21100 7173 51988 -45105 -6392 15650 -10073 -29551 -18744 -21694 -33661 -13744 -44091 48529 31857 -29671 16862 -28012 -20561 -26276 6508 -23508 -4178 -22569 35289 -1416 -14509 4988 30447 -7070 62960 988 -27512 -16801 39429 16821 57388 1110 13573 -5721 24555 2692 -51714 -36794 -54457 18464 
13564 44323 -23835 -7093 34376 11097 20040 2094 -26246 22288 -3568 21910 9955 12954 16213 -16420 -68596 33756 601 -16177 39419 -13499 6608 25900 -21058 -25722 -40734 2306 13117 25873 30973 -51169 -2380 -33139 -28105 -15224 -4793 4840 9530 2570 6707 -45886 -12303 -93299 6426 7918 -27026 -1667 18520 44499 42505 18681 64672 -28007 29134 23958 -28227 1747 6078 8987 1997 14744 -2307 -18928 12695 49863 -14571 -26126 -342 3454 31077 -16667 -18196 -42362 8615 -26010 -13469 22291 -17178 74835 
2103 4797 -45251 -3007 -12358 40051 23299 -48137 -9687 2606 14711 -59641 3825 -5032 22017 -18853 -53371 51537 23922 -3698 -22217 -19898 36853 44246 -58290 7291 -56488 46448 -7669 -20764 -28512 -10167 21095 6964 -19037 -27822 19550 -59281 238 25285 -10231 -64718 26259 -29374 -20437 -60336 -15081 40546 -5556 17077 -57272 -3305 78829 -50492 40298 -41790 29224 -14335 -10187 -13061 -18094 -33258 3520 33522 25185 -10421 -26035 -50610 13579 20595 -29141 -16190 -41117 38157 -66409 -9903 4853 31989 -31335 -20765 
77740 16390 -47003 -30885 -9159 17798 20812 25892 53648 62155 1881 33786 -31295 4303 -27718 -31279 -54058 -19213 -52133 -9021 15097 -11092 -11151 40924 34647 14461 -61540 -4171 22236 15202 -7868 -48474 -53228 -38605 -13534 -33340 -39974 49432 37506 52512 -13173 -1100 -40875 4213 23811 -41318 -46015 33388 -9304 -19524 -36752 27013 -38376 -13039 24623 25096 13924 -27265 -43874 5511 -26705 -23311 4309 5107 -15153 35752 -58924 -66349 1687 -26765 -7842 -11352 -16179 -26933 20187 29691 21563 -32018 45409 35051 
-7025 38487 -84957 -35662 -18016 30819 19292 20409 -2878 -21092 8343 -1511 -55901 13824 -15022 -34358 -1957 -50947 -25010 22482 24119 1060 2464 8432 67626 -24837 -80118 -5132 23779 53416 15906 -33168 -24074 -41570 5654 -20079 31202 15769 58784 -21048 1386 -17037 -44361 -44239 -10787 -48638 -57507 271 22832 -40481 -15556 -5425 2706 -22851 -10344 -21818 788 -16756 15589 -461 5516 -26635 -21923 -36800 -40769 15508 -33836 -30189 25379 -43614 18649 -15374 3154 -34616 26871 27503 -15237 12051 232 61960 
-27623 -11536 10257 10629 -5761 -18108 29146 -26236 -66958 -11191 -64855 4486 12813 -3447 29367 -19439 -23507 -31921 7243 22306 -7424 -40067 15659 -21339 -29959 -15464 -46371 -15943 13812 -4463 65754 -12775 -15512 60924 10292 2103 -57837 6922 39937 -29436 14731 10165 47550 -62427 -40365 13694 -13159 -42303 -30700 45050 -40346 -49501 11169 -2882 13618 -1294 -28893 25053 -5471 80980 4921 -12370 58005 56890 -3838 20697 13996 -70818 -9540 2131 10958 8436 -10929 -10146 -17625 -15364 -48574 11801 21705 14924 
37207 52443 11395 -4629 -7009 -21995 52970 30011 39403 -40959 11193 62631 943 -17209 -31659 41831 23982 -54613 -20456 65643 -35838 -17867 -14216 -20307 45526 21849 45590 -31059 -68519 -39886 3992 -24442 2762 -11732 -3470 -17648 -34346 11013 -50665 -35883 27040 41965 -3196 11154 -10793 -48300 -19052 -7766 -42128 36109 50932 51018 12330 -24883 -23034 43646 6531 -31335 -39688 11937 29848 -32043 -9836 17948 -61428 13318 10819 29816 -43844 49090 8147 11441 5119 10762 37115 522 29333 10127 126 23381 
39870 -3619 -34018 -1160 -5354 57858 -2861 -40883 -18974 -31029 45505 -16239 -6202 18310 -10970 -87777 -71405 -26540 -2915 10789 2495 -9748 37740 6188 9376 23461 -10562 15349 -28975 -2386 63355 52551 -22639 -21994 -1580 -19215 -9372 -31117 27299 50631 15507 -54014 -36769 2867 -21580 -32963 -30642 12829 3987 -15583 -27665 1965 -18437 -18832 4980 -7030 -13694 -36577 -18613 23887 17464 -31333 -8754 16742 14971 9673 -25204 10349 29031 28725 22821 30396 -4061 -3920 16304 13776 -46550 -15631 13486 18612 
-21968 9987 7766 26705 -47084 7443 430 -19618 18199 -21907 14842 55747 -7240 -51873 26693 -21019 22598 -6362 13853 20171 9242 -66551 3258 23249 -27077 -11171 42965 -16203 -13242 -16721 12990 17745 18147 -18377 4194 -42026 -53766 -51311 -29188 -1307 10827 -80917 16882 -9716 -15826 -18485 32706 -58586 1132 15380 47371 -161 8009 -18668 53519 -15469 -33163 12259 -27990 27516 33018 -25211 -22207 45672 7954 -13645 -19875 72723 38164 -21332 40446 -4787 552 -847 -18754 -10545 24890 60968 -5528 -18135 
46005 21242 -21270 24639 -35017 -46112 38642 -42699 -30011 20506 9417 -14008 46173 -16104 -12429 22304 12401 14847 -32106 22518 -29165 -12073 -77365 -22079 -27753 66155 -2616 12349 -48848 -20593 -6305 53655 -8277 -12779 19469 3365 -31176 -49800 -53782 3081 -2195 35919 20997 12796 -5526 27676 38184 -37978 -15480 -20699 20966 73306 14227 -9581 8422 -21625 12109 -9225 -28818 -26287 -51823 -15543 -11048 -62301 -74131 -6834 -44507 -7862 21997 -51034 -6728 -6861 -57198 -25881 14966 -12540 28887 35496 -22932 -11966 
8423 19205 -3325 39275 9724 -14524 17388 -373 24310 -14847 995 -28836 -45507 -15022 -9413 37811 10888 -465 -1414 21148 -41755 -6362 -183 35268 36636 56303 13374 36436 12761 16817 -47697 14352 24990 13495 -6386 -31227 -27811 1472 -50243 27612 7417 18173 3180 3148 8619 -48650 -23756 -67149 -46743 6472 8652 15257 -7037 1435 -48021 4157 -30640 -821 4962 29561 -37296 9100 9686 43481 -3585 14255 40810 -14126 -60014 -55353 10023 44366 5876 4023 11272 -16954 -26018 7866 -32545 63928 
-11825 8974 34907 -5622 15030 -7356 -32238 37622 24692 -48480 27085 34183 -11233 -52597 -7276 -21144 -11443 -41675 17884 36913 -9983 -24257 19492 -16132 55556 7136 28565 20686 -3379 -8988 43996 8578 25974 40448 39558 -26757 9205 9880 -5867 -51327 26572 2259 5956 -32439 6531 -45812 9832 13282 -11218 28454 5049 16908 -33099 -6537 -29208 39401 -17805 20073 -74336 -26617 -7999 21316 23944 31930 2410 -56475 14786 14123 19769 14304 -153 28065 30212 12173 -10261 -11972 -6704 4478 2653 37742 
40671 14990 -4553 1612 383 47740 11090 -13248 1546 -12284 -31872 16067 30772 -4830 -16099 -7432 12144 13466 7664 -3722 10440 -13515 -4635 47820 13837 47980 -18216 2653 -18774 -21960 9397 27206 42712 1778 10354 -13398 46244 -32006 14618 16819 -27962 -19966 11119 63472 -35694 -6625 -57106 16818 -2742 -31271 -33408 18134 12079 9697 3763 21178 12466 -36155 20043 -11409 -27469 -7574 -15105 -13213 -25731 27358 -42898 1761 12295 10008 18908 3989 18415 6031 15476 23294 6568 -53461 -31528 316 
13447 -27133 16971 6159 -424 12170 44239 11664 2932 -13300 -4899 -31185 23954 -7410 -16456 23326 35997 49418 4168 57020 -23373 6762 3274 40378 6985 47457 -11425 25689 1928 -34252 -49359 -26039 241 25799 1182 -3647 -4274 -24627 15295 -24645 18874 -35530 -41633 24926 -34811 -13776 14211 17115 -28610 -5811 -12549 -2509 -49036 -20569 -18429 -27339 -43 5986 -27527 -3488 -9579 -11922 39101 -1722 37055 -9527 -22994 41045 -47793 13596 38373 16507 -22351 55373 -53398 11707 76836 -4976 -23887 80944 
-2183 29299 -60857 -22728 -3065 43493 23058 -12365 -8088 -10739 11472 -39693 -16713 17527 7242 14275 9688 420 -1801 0 16111 -19022 -11010 12675 -1615 -33840 -26928 27418 -34725 -5916 -10592 -12746 -17397 6023 -11025 -6965 17345 -10322 4227 14096 -1947 -13645 10122 12662 11303 -32768 -29826 37631 10257 7084 -8741 14323 38615 -46675 9197 5146 16345 25424 35594 -10588 73023 -44107 -9609 6655 10895 18584 -8262 -8042 -16973 -14357 -17877 -23334 -5864 -40733 1763 -6158 13835 7717 -13209 -53883 
-6375 3243 9239 -27870 20595 5210 -55723 36085 30418 -1462 -660 -23513 -24294 -30228 -32455 14928 6078 68260 47182 -23510 29843 29002 28211 -14349 -2800 -36077 -6832 -14083 7153 346 857 30076 -6254 29684 7469 36947 -5594 -18716 -11266 22938 -11970 2581 0 73475 10776 12253 -9924 36213 -20696 25811 10482 -16142 13671 -56643 -7880 -4321 52680 167 -11081 23481 -16314 -27401 -2380 -57395 9899 11731 -19199 6708 -25047 2096 -51821 -4774 -7060 13464 -34849 -16812 -7368 2058 11473 -34020 
-35143 -33680 -33014 59090 42775 4670 17668 -45109 49941 -37672 9899 -22880 48881 -28162 13107 17390 6924 7932 25471 38130 -30128 -487 -7869 -2637 -11048 13086 25961 -28985 -34559 -55532 -4308 4354 7365 7088 8027 10488 25045 -4570 27462 16665 -48797 -25888 -43565 -14675 -26447 25471 13549 20669 11553 4105 50627 -77791 -5549 -70676 -36599 -29435 -25772 -49505 33928 -24864 16432 35295 -21510 13964 48156 -1102 6158 -350 25505 31070 -69737 13376 -20405 53024 29963 -7643 19052 -84807 -45155 27063 
-29123 -62462 31245 -12157 38787 15111 -45880 41753 -44427 23589 21754 76068 44076 9698 13729 -39010 18434 16710 14216 -50156 52659 -13337 -14813 -24640 -48030 63749 -1605 -21807 -6914 -22233 9287 27371 -32254 49725 -26370 -25686 -42350 31337 28520 6830 56575 25606 5324 -1952 15371 67043 10308 -14678 59792 40051 23372 60488 -73426 59134 -4767 42305 -2331 -19557 -1830 8956 -10892 21657 20075 2391 7301 -12103 3777 18082 28052 -25748 36822 32487 2377 -27016 -33957 -17817 10709 37452 86124 19600 
-12494 -10752 13922 -10645 -20317 -20257 -28539 -478 -90565 964 -7204 -10261 22 -3245 -63235 -6524 -2357 15219 35067 -7426 30396 19013 -38251 11514 -16341 -6863 -4711 -36216 -10892 -37144 12158 -16453 -26319 25048 -5865 32292 -7447 -26583 -40219 2620 10542 -73154 -8121 68232 -35839 27148 24562 -19903 6507 63099 16245 -1249 8907 9204 -10190 62180 12124 5784 114 17791 5498 -4106 28237 21787 -8447 24243 22659 -16211 13495 53429 12398 -35142 -43637 45157 -38442 9713 -2688 33342 39967 -22323 
-12433 -2536 1895 16509 -36931 66201 -14863 -7427 -41111 -29280 19953 -4473 -3073 33082 -27274 -52692 -39296 2458 38616 -32482 9729 64972 10418 54727 -2383 -34157 -9899 -17899 30366 -39688 -26594 52279 9391 -48687 26014 -6486 -9411 -57850 19010 -13493 -5804 -53169 2521 -9774 -24024 23233 -18810 84731 20321 12798 -23867 25235 7692 -3163 48938 -38115 -30983 -1392 -49438 7419 32771 -74019 17342 510 2583 30328 -35376 9700 13920 35444 -5656 19125 31478 29444 39275 39600 -22644 7264 -30508 -22808 
11050 -25186 -4753 44618 18503 75722 -6393 19293 7527 13322 7396 -7461 25810 -10935 -6406 -10845 8566 35080 52254 -14122 -17327 -20308 -8441 -3671 -40156 42845 16847 -2286 -51314 33960 -11120 -29441 42348 19949 -5956 27871 15519 19714 17793 24567 -26382 -4247 7519 3559 -2941 10905 -5345 6488 -19979 8634 9322 17501 -27386 -38245 4376 16046 16398 -31443 1282 -2425 -50641 67029 -13290 6656 8279 -19956 35686 31586 -41627 18764 -10994 40663 16197 2820 -9495 -8729 -21894 11354 -5961 20135 
-32319 30077 26572 6754 9892 39404 -20968 -25079 65760 -13205 12950 35426 -46900 -15880 -56239 -36454 -40941 -24206 21740 -3290 -12873 38040 -12074 8130 12816 12616 18956 -24279 -33379 14195 -17691 29364 3069 12562 -3232 7246 31246 -27147 34611 8277 -30818 24824 -43452 13363 20118 15801 -18081 34900 -49353 1143 -25889 -28236 10190 77 29188 -14738 53493 -79026 -19050 -25144 -48325 18066 -35747 -65026 -6954 -10222 -40456 4410 -5936 -4368 -24463 -27380 -26814 -12100 -41881 13223 6938 -57263 -1793 -11750 
-1819 15624 -12667 -40225 6109 16576 26996 -12200 -33931 4473 -50939 -59378 -318 29796 1377 3169 20810 53918 -24471 -13962 84423 -15318 26445 9371 -38594 33603 -46259 13437 1511 -31527 -46120 -15274 -21180 47120 -52606 32909 26391 20617 -18144 52496 22390 -5652 -40483 20005 -1574 29056 -17340 -8320 11979 13989 3396 -21534 40931 6021 40957 -26989 -17436 -7349 21320 35231 12190 -16616 34726 -10722 1839 -2773 -41729 -23754 9119 -71679 16153 -13412 12454 1582 -39867 -24007 687 8920 9991 -18878 
40379 -25383 39675 -3690 19223 -16315 -59017 -27595 40610 -10829 21027 -88722 -12257 25640 19045 -38349 -34922 16192 -21474 -34558 -24208 13621 43726 -15008 -16385 -13076 -17451 37307 -37284 14963 -4582 18326 -13841 -18635 2942 -37812 26126 -9030 9206 -63312 -18172 15162 55977 -36644 -17099 -11043 -3896 -11060 -14368 2146 -16899 -9990 -8785 -37150 17202 19930 -28810 -15469 -10591 20708 -8262 18813 27947 -34466 35038 20357 21419 -33913 -41811 1425 -12446 27173 17168 -20766 10787 18691 -16975 39852 34854 32804 
35955 48975 -27955 6729 -53178 -325 -18400 -26206 908 -34835 -28454 -17003 -13583 -32680 -63890 11952 -30808 -26730 11953 15602 -17973 51346 27468 29486 44635 -20750 21502 19102 -5778 -40963 12511 5381 29118 11402 24066 -15003 23530 -55763 12429 -8972 5052 -26445 -41356 -40419 -15840 8338 -6119 49268 -17307 6632 -35063 -33089 -5400 -29485 -25542 1155 13534 63399 -42573 2259 24352 -49428 18802 -46438 48599 4473 -23392 -4551 30606 22444 -28055 24858 3465 4324 -3092 -44616 21336 -17148 -51196 -17274 
56969 45573 23351 -18408 -3311 20746 -7362 -36248 13568 -74211 13616 -58858 13419 -8636 33387 -26578 -31697 48023 -8389 4967 15972 -51503 62030 20999 -3434 -42965 5214 -26212 -55954 -2363 27392 21173 93281 -45420 24272 47681 30294 -31951 2105 -4505 -15666 -32621 7369 -45130 -22460 -74678 -46869 -11524 12817 -15999 -15881 -14621 56404 -40427 17448 142 13117 5680 -45940 5361 -13941 61590 -32590 17588 4785 -20980 12975 11800 20566 13932 40411 7601 38417 -15642 41032 -320 13207 16330 -18514 -7399 
-9860 7321 -31280 -11103 -11579 -30425 -16017 -15605 18065 -7050 -26198 30148 -69299 -57132 8821 22583 -23603 -21980 1001 13893 -9633 12543 40659 19015 27444 -45385 -5904 -41486 31205 12679 -31557 9372 -20796 7009 64079 -63890 -5782 35860 7192 7003 -43707 -15775 15140 16849 21686 14664 -18239 37772 2497 -31105 -21768 -37491 -18777 -26533 55678 15642 7350 6628 13007 38012 57450 -32909 -24607 6622 -3352 -292 9237 -18526 46111 2534 -32700 -38724 -29841 -14759 -41083 4988 -4615 -42924 -31621 1181 
-12240 9450 -3003 11411 -20303 37275 33148 7074 -43618 -13623 18167 -23008 1291 11221 -5023 17596 -2357 -7020 -8084 9638 -21710 18520 -36821 -14764 21444 -41232 14242 -32811 20881 -25088 5499 -32255 -10967 -29927 -889 39938 -3764 44062 20818 34454 -32241 -40034 -293 -36525 -44269 -40238 -58066 8914 -27589 27127 -30873 -9552 10071 -14865 -20922 -13392 -45128 3475 -2413 33543 39518 -58266 19107 28264 27733 14634 20318 -40625 -52063 -20723 5388 1159 27104 -6782 32024 29688 -34501 37938 -34393 -5616 
8253 41567 -11487 8760 -24017 48583 -10527 2681 -12599 49922 24483 31678 -53666 -7137 -14584 6087 1607 23100 35160 -3116 -8186 -19323 -29987 22030 -28183 -32488 -6960 5805 36324 6317 6321 -77643 -6147 -13013 -7834 -10156 -54185 9899 14357 -2496 3156 -43872 -40132 22510 -6709 -21938 -39570 -14673 -12444 7966 -15421 36922 -48106 -12807 47757 57481 -25792 -23266 -9504 48777 16247 31276 -23294 44442 5274 43013 18663 49905 -16972 21488 45607 -28744 24610 -2952 -13077 38154 8440 49437 25442 23785 
-5434 -6814 51177 17713 -29492 1322 -57739 34287 17985 -37507 12524 5867 -2786 16069 28233 -639 -56590 -12352 7564 6061 18387 -1343 24887 -3767 -25839 19776 -2674 -23363 55365 -313 -31625 69164 20283 -21743 42506 14481 -35003 -79028 44690 -34573 -15020 79141 16833 -994 2285 -46265 -19740 45606 -15981 3372 4922 -3035 -34530 -18443 1728 -41554 -26360 -64687 -25355 4367 -22721 21847 1616 -77447 -26501 27550 -1651 45223 -56081 -4712 -5905 43444 22351 -18982 18461 27802 1190 -16014 -516 -544 
-23093 -21186 -8060 -36744 -3493 -3848 -18338 23793 -27041 -40547 21097 -15893 3403 -2446 -33669 5417 52892 3216 21262 9309 7349 -18853 5411 -30131 53040 -28547 198 -38040 2541 12524 7593 12128 35314 -30266 18145 47694 35190 19196 30063 -50720 -40848 2688 5705 61266 -15264 1648 9361 -16203 -14617 -58374 31506 30417 -5481 22210 -11995 14470 2320 28627 -12178 3909 12959 -15232 -31838 471 -22655 26022 25969 58546 23337 7752 10782 -36272 18559 10614 49066 -9941 -3224 35281 5217 -8796 
313 51991 -25869 6578 -19520 -6372 -35533 -35626 6857 16280 -5516 14588 59522 -9691 37989 -3548 -23573 15088 18219 -22438 5020 -25559 -18131 15748 -107921 12548 6931 35812 23164 33728 -35058 21112 13878 -25168 -15787 13865 -28029 9013 -21977 -16346 20126 30384 34781 4548 27137 -8649 37580 10741 10780 15019 2230 7804 20131 -7320 37423 -51775 27092 -7326 15538 23987 -16012 23172 -3848 -27869 -5649 -1370 6087 -45871 35435 -19013 -12664 664 -34228 -22454 43862 -32981 -14319 44176 -7577 -47742 
-16318 -34460 22052 38057 -38496 19445 -681 -43000 17160 19263 -40334 -34076 39978 14494 1598 1266 -1318 13999 10973 -19989 10278 -25795 -10978 30928 -10097 -10689 -7628 -5080 371 -42081 -34437 -31301 -36661 13326 21378 -42172 -4493 -41125 -15160 6839 4889 -9176 -14664 20433 -9746 49741 1074 53218 28724 17879 5155 -5231 -15313 -21086 20467 -17427 7558 7013 -18928 34623 33482 -29704 -1611 24999 12898 -5091 -9529 9872 -37234 34873 -30849 -22954 -12259 12784 -17884 19066 1556 -23438 -20369 -29863 
-36025 -27709 -11679 -40936 2858 12359 31281 -26206 6797 -39358 -77011 803 -48031 32453 3313 24588 21223 -9948 38075 -40127 35256 39919 58644 -20157 -42152 -16450 17689 17727 37706 49164 -22175 -9133 -7973 56465 1121 -13965 1856 -30306 -880 12075 -18209 27469 -4467 15259 61037 8213 46157 -30475 20180 13400 -12329 -5413 -24367 26497 -27810 -35927 -19975 58739 52487 31386 41100 -1419 -52413 -19259 14521 24287 38636 37700 6945 -52072 -37055 20917 -54425 11246 -3711 -44827 -1982 29210 1625 -5210 
-22001 35437 -20943 -32820 18906 9158 -27818 50389 14114 -7408 3495 44071 9909 -8093 31022 -25027 -9366 -18065 -7197 12381 3476 -73566 11898 -17469 -11310 8550 -28271 -9702 -16851 44860 1433 -24779 -18531 -11314 -56007 7569 -3341 -23741 16042 15513 5954 -25813 43782 6499 -1464 -55662 11681 -29478 40693 52362 34372 -42762 67581 -44614 -26838 -19517 35365 10729 -1098 -24881 -30730 -2313 29854 27397 -10472 -19128 11204 -38243 16171 -4431 4882 -9812 -3089 -30796 -18965 -15740 -6004 3797 13326 -11097 
-68162 -77133 43091 37029 -13725 -18655 -14446 3432 5520 23193 8391 15307 -6883 -54780 35310 26388 34989 -31530 -39643 -21032 -8085 -23413 -65144 -48133 16594 -55211 -23846 -52343 -11881 12573 -4969 3505 -21950 -1334 -48981 -7251 -5316 22672 -14942 -21524 -13029 34783 16893 43357 -11320 51165 -30388 -38790 39652 22324 48474 1645 19120 45596 -12064 29754 -23758 -20179 41338 -45268 19018 20688 -38253 -41076 31555 -39586 1614 12817 50073 -26117 -13048 -21340 34571 -17564 -9040 1580 -47763 -51050 11149 -25924 
19525 -41087 -6245 -17651 -57713 -5636 43607 -18410 -2403 46241 -31643 -2311 -7456 -35564 -17387 29527 16831 10154 4556 4796 35323 -11986 7851 83266 44131 20325 36791 36357 -31466 -4858 18352 -7003 -43075 -17489 8666 42920 1040 2254 -75744 1584 23539 28785 -33776 37518 33698 13256 639 -18432 -23710 23572 -69071 18727 -27952 -45354 14068 61119 48252 17788 -130 12594 8419 -30921 -64846 38571 -52270 -44647 37075 -35305 20824 -23606 -39547 13183 -29073 -24211 -1393 -31828 7100 -31342 70682 -3498 
6214 -21395 -33068 20219 -46911 -21179 31755 -17586 -11372 -1710 -19541 -15192 -21883 -70773 3061 34859 -21098 32863 974 48899 15900 460 -612 8815 -23387 -8522 -8260 -97096 -7990 48709 -2365 4076 37499 7822 87 -83 -43335 18886 11489 63500 -58451 -7575 5080 3920 4769 5232 1654 -24748 -30305 6533 -37405 -59069 -12376 -45043 -16600 -7740 -16881 -2093 -1335 40664 15984 15650 -17199 18237 -14481 5233 32086 -15543 -14665 -7178 -32527 -2149 -25364 48508 -65477 19399 39656 -8285 -37417 -27633 
-9237 -5096 -71041 24472 -46735 -15572 -47166 -16337 -6073 4079 12929 -30519 -65080 -2245 17372 -11593 25439 -30435 63163 -8883 -27670 38750 -335 -22795 9362 6577 -9042 19320 -7406 -35610 -15242 16711 31088 -14356 4797 -7087 -2800 17361 3291 4590 -29945 -34525 26379 24677 -25085 12357 37822 -3258 -30030 9527 4916 -22865 27980 -54642 24167 -752 -46414 4671 3883 11893 14921 -16552 20005 -10987 36794 9152 31701 -36683 39638 -20523 -29180 16061 -43517 -5502 -7628 -27157 -4667 41051 -54850 -4073 
-19276 -31989 -59869 -8794 28252 -46488 21515 75140 -5511 9029 -46653 -7425 -65627 7019 -6673 -16667 -21876 -24662 5370 41382 2353 -19441 -5931 -14662 -9067 27622 -17366 -35171 43245 55912 44089 -9158 -23 10144 -30606 22204 -56819 39916 -16362 8868 16173 28440 -22792 -20624 12055 29067 19214 -64079 -43420 25362 38329 16451 13503 -4422 -14441 -10637 -25371 27757 9794 10214 1157 30281 14689 4154 -19198 40933 -96 -34115 -7058 -54793 37354 -19904 -61595 -12896 -1087 -14585 -22206 20102 1430 46888 
-64047 66506 -12785 19938 -32503 -3573 -36103 23185 -59587 -11000 -18391 -12136 -7161 -7382 -22992 25803 2513 81766 17194 18529 -7167 16264 -29754 -12705 -16111 34774 -8768 -28978 -17755 15792 11587 19739 64848 8284 -27047 47544 1924 54570 -24194 21391 -41445 -35613 42282 -11861 -8482 24901 6917 3906 -11233 4346 59295 -7298 52467 29773 2570 -56437 16807 38228 19744 -13089 -8671 4317 5785 13893 36430 36185 42276 37252 -35014 -1202 15664 -67463 -6756 20266 7789 17584 2982 -9174 -45468 -1855 
41128 -34388 -11815 -32853 53826 -58164 5609 -2230 22492 22456 -35183 -43782 -28498 45845 -18845 6726 10140 -27481 -46772 5364 -14942 -35112 -34684 -21298 26404 16947 8409 50808 7958 -711 9650 -16768 -13235 11058 14361 8804 -9247 2319 -25950 -11963 22813 -47041 -15312 13415 467 -8124 -3321 4033 16314 32788 21531 12358 14374 40399 -6898 27275 -15267 27162 -2329 -18829 29689 -13772 24207 67710 22312 1552 6678 -29390 -24323 -23020 -1063 36811 -20488 -21532 -14833 -8570 16052 -6090 2724 16641 
-27483 42358 -13274 8426 -14692 -11757 -50569 -18348 25821 -9435 -808 46581 57394 36761 -599 -17512 5738 27340 -13244 -68117 -30283 -12875 40406 15575 -32132 -17107 1273 35330 6760 -49374 12413 76851 -31819 51974 50520 19054 25046 -41221 -4857 -7169 34158 -39542 -41559 12799 34197 -10755 19469 -8874 14115 50698 17207 -46265 21567 -22273 -15026 11686 13482 -38807 24899 34803 -8935 17928 8475 -2439 -18576 -38432 -5556 -37928 22138 21776 -15590 4922 -55354 -8935 24053 -4911 16152 38005 -4071 30512 
-27504 -42330 10957 -58074 21951 -58166 1619 12142 4076 19017 -8165 -27062 -397 29285 -7970 22805 28923 48076 -737 -32433 22302 -41279 -4001 -17218 14519 11266 848 24488 -12125 7386 -34257 -16499 -6520 61029 -31197 21916 16640 8403 -11313 27599 -2976 -5611 32956 30255 47322 79939 40738 11690 -61439 13305 -27227 -22208 16301 31519 12174 33452 10463 63759 -2452 14459 -20805 -8768 35494 -50624 10831 2309 22237 -3412 -20896 -12064 -1658 8090 -40969 -11255 8783 -45632 37253 12353 34929 -18861 
39795 -7273 -15625 -17967 -31903 -6845 39075 -15280 32658 -30685 -16819 24272 17516 -30154 23703 -30478 -34495 22313 17722 4857 -37799 -19899 6087 37778 37569 -28778 36278 32580 1321 -6737 54275 -5660 -8939 2551 54768 42523 401 -46169 -3630 -8868 -5957 -21332 -15009 -35972 17960 -47781 13163 37088 -28373 17016 -13968 -38721 43070 -32817 -15057 -14678 63503 32432 -18583 -14506 -24099 -6629 -11840 34169 -12803 -23350 -8493 -38761 24380 55508 12146 -11269 -57025 5227 2832 -56445 4892 8910 -21024 5253 
-11181 -37055 27454 -40818 7914 11506 8385 65204 8626 2293 -3801 22775 45730 36195 -29667 17391 53016 -30564 -27233 5005 37608 -12601 -37489 -3737 2603 50052 -7379 -56225 -19480 -12890 18961 5693 -34580 59194 6538 7951 -6699 42053 -22326 -11550 37730 12687 -5285 23386 -51546 -20106 -28592 3950 11364 8386 10767 35451 -5672 35069 -5977 -16978 37527 -21375 20273 -30114 -7338 -6115 -16656 27682 -88615 10889 -20423 12370 -23062 28057 52017 53162 46443 8885 -6748 17373 -30408 -32498 45278 -190 
-4822 -50225 -33911 2445 25998 22748 -32569 8838 26240 44531 44299 3519 52450 53632 -37574 -19415 -25775 7323 26853 -66675 38810 -6628 -725 16516 -29913 8886 -31155 -25708 7775 32736 -35408 24166 8252 49163 57258 -37864 -36894 47805 64088 39443 -36577 3309 -10644 -13545 -15017 -1170 -11412 53123 23965 -15926 -985 10105 -57574 17753 9006 20293 45935 -22724 19780 -10545 31323 -15703 -34211 17633 22397 27345 19571 8397 -14043 58898 -55645 35746 6088 37687 401 8226 29350 -18625 11691 -29255 
48220 43054 -13156 5950 -24383 -4907 -28893 -39648 -21283 -8729 33116 34487 103339 -9935 13574 -30037 -9365 21541 -49867 2107 -19255 -24673 2584 17849 -8544 -50778 -30636 -9317 -22628 -92936 3391 44260 -42133 -31492 4724 39568 -27699 -28143 25635 44126 -20574 -2517 22011 27454 18875 1677 54962 -3133 12228 -41854 42467 -17763 25802 -19593 -2368 -4149 14513 -48608 2516 13244 6223 -31679 -572 -26310 -28894 -2485 -55602 8563 43152 49419 -2020 31459 -10246 -33154 56206 47428 32300 -22543 -12130 -19606 
-3259 -35955 38686 -16644 -1526 -9288 12357 -17683 28601 -6849 -14269 908 -13816 25931 37913 418 -15628 41575 21255 -9437 -11155 -9021 3330 47224 992 27184 33479 50365 -20554 -35896 3307 -46649 -48760 58019 -951 -18408 -32104 12465 -40098 1586 33807 22939 -17447 -15749 22773 28994 -38281 26904 3405 2678 -34683 31263 -18466 45348 58017 -137 29325 4530 23132 17230 -27691 -20344 8675 44877 37659 -10234 10454 -15080 14103 31426 69479 7691 13283 -16551 -632 -65476 -53629 6503 1643 31923 
-1683 -17557 -2197 -22710 44450 31329 57448 -13181 32333 10023 -2485 -16166 -17902 1211 3317 -9863 3393 -57968 -4428 -9950 11409 -31594 35671 -1684 19578 -19982 -10505 -8152 13114 36737 -9358 -13908 17350 -33207 -24946 -15447 43726 20391 -5848 47210 7040 37919 -51215 19880 14802 -17611 -72704 1086 -26739 -7427 -29296 12820 -19995 24906 -16469 3797 7652 -13946 32057 43697 -6889 -31785 -18955 -11792 -29476 23490 -21030 -27730 -5160 -29836 18563 4754 44808 -29059 26729 -10125 -54846 -9802 63189 -71398 
-14358 18349 -17887 -4863 3858 -14712 -46211 -15944 -11837 -53061 -15996 21637 -792 3349 5564 53905 11341 12098 13183 15900 32798 69093 -130 51104 -14199 34403 31993 -8652 3788 -13358 -67433 -27490 -16049 8064 -13498 -42684 -41476 38055 9112 4089 -2952 -20471 17368 16028 -36371 5840 -42398 41614 44649 26434 26404 37153 773 -1450 1021 1474 -22721 14556 15948 18076 20334 -32198 -62214 12983 18621 -265 -14112 8337 14653 -16882 -4384 23671 14400 48679 42827 -34838 -14106 -6974 -23063 37100 
76571 14961 -2841 -19612 15037 -44528 -24044 -41513 6546 -52196 -14125 -28424 -31311 -38876 931 4186 26815 42038 -4760 4643 -21359 -18025 10730 -3914 -28182 -612 -6326 -12205 -29480 8109 -15006 -6052 -804 -70256 11965 -22810 940 -3283 -25173 23520 -3763 -6957 43904 57007 -13518 -6240 14589 -67533 -8491 -4912 27556 17814 38767 22029 -21020 24624 2863 16998 4324 16390 -20608 -32089 -20588 -10341 14954 -3892 28350 -12169 51992 -30657 15562 25256 -46780 17283 14703 -6420 10774 57363 -27314 20830 
3752 -8640 4419 9665 -29433 -22988 51185 23109 5346 3795 54069 -3921 -49747 8055 -30641 -77702 -62341 111 -1541 -24950 35055 -19558 -48610 -7884 -25065 42856 -19102 -18365 -31742 51489 36175 42807 2820 7830 -14013 11815 -26046 22174 -5678 23437 -1141 63856 -20770 -16662 -1811 -45032 45948 -5002 -88344 28084 2015 -13009 21586 29274 19349 6194 16987 -83055 2163 -70313 -66814 4911 37327 13547 -26644 -15958 24773 -5919 8526 8678 -8633 -3401 2269 27406 14553 -14331 -7848 24287 370 -42024 
-39369 16594 14498 -14747 -2023 -23727 -49317 24742 41472 20539 -45934 -22260 37155 1680 -6951 23051 -30963 26055 2276 -21643 14109 -11462 8598 -6034 31780 -24460 -20702 -54060 -58753 -11164 -40205 26774 24058 30822 -5621 38418 48247 10375 -22755 11191 6846 -14718 -40772 6147 -25237 40806 13295 -513 35835 15037 38173 -35853 68646 -15574 -6176 -6087 7343 30314 6556 -35148 21710 -3785 -33324 -18449 18472 -6941 23048 -30507 45986 26350 -17705 -45969 -5492 -26866 79 -4215 10516 -6676 15838 -14741 
1400 3156 -11177 54302 44207 6168 850 -1566 2857 32120 -38728 -3869 34103 13483 -63971 9613 23135 43149 30040 31032 -18550 -3398 -17599 -10430 13753 9696 -39306 -5225 -12179 -15857 42420 3788 92747 34322 28659 55595 17172 -32913 -9279 -743 9082 -54751 -25036 -6249 -25560 -3332 32317 24191 -5956 35329 24755 29086 4875 -59038 -30756 36160 12591 38762 -14455 -58951 -30995 9981 12247 55713 33334 1674 28961 22941 -26104 49644 -42091 35683 -27021 51271 -7645 37481 41822 -7416 -47399 59088 
48319 -21087 -22761 12260 27016 -14826 2003 391 -1448 94262 -16906 2596 57063 -23146 -7341 35146 5429 43493 20877 -20244 8012 30204 -7826 9616 -29522 61919 2503 40342 -16207 31688 -69846 -29905 2807 -31783 8656 12305 -64308 -17032 1148 75646 21022 42348 29975 33284 -6908 20050 -21775 -4918 16260 17367 12589 25158 -38097 18307 -25991 -4085 35948 14168 17308 -40795 -55222 -34146 14680 -36135 2719 21804 -32294 20195 -65855 -47902 -17155 -12586 12985 -843 -12982 -2293 19510 8945 -6645 -48837 
9630 60555 -51778 8913 9813 -7723 -40376 41710 -12558 -19120 14894 26123 21859 42477 28567 6796 -5589 -23162 6018 37798 9615 -12493 29827 24635 -28406 -2735 -11395 19389 7911 -45926 -46467 -50700 16869 18711 -9128 33522 -12406 -15322 16613 4140 24691 -23556 9371 3804 -36547 -27489 3947 15610 30510 33122 5738 -16842 58629 -38999 -24538 -25569 424 34313 -30488 47593 411 -12500 42811 -14978 10326 12385 -26774 -67189 -17505 3671 -16272 32155 -3518 -5084 5427 30602 -12724 16374 -5979 21334 
11594 13777 13443 9674 58251 -17024 -58894 22285 -8326 -18095 23768 15013 33722 -3066 47603 19517 -28697 -68206 -6005 -8582 1167 6254 -9881 -26230 -5372 -30926 -38434 -4763 -26256 4427 12332 10567 1179 -112 -23298 -22970 -6283 13986 7670 -10035 12312 322 30663 2544 -31122 -41596 -68581 -12974 62669 -25826 43197 -8240 -2667 41460 -33529 25067 -9378 -40386 -831 -7503 50143 -6079 -14144 -38961 36814 3021 -6788 -30374 28135 26532 30438 62741 34280 -33817 -3185 47433 -38112 43651 43019 15566 
-28488 43631 30671 52376 -14554 7518 38808 12899 12600 -24333 -46180 13097 -19531 -16093 47611 36368 -23649 8590 27654 17863 -1485 26265 37119 16148 -630 -28720 27115 -9996 9364 31552 6556 18686 19842 -18338 27931 30236 23124 -36978 -25871 -2550 -41417 10152 -14015 25053 1919 35082 26083 -2343 22638 -26108 21127 -71539 -2716 12250 21411 -52919 -28610 -36804 -31714 -46138 -6232 23397 -4156 -42451 18273 -12798 25098 27398 11037 -32910 -55783 93 -9500 4297 -29668 28800 14212 -7067 -58132 22476 
1062 -30529 -12658 26420 12226 -12716 30368 57649 4188 24750 18284 -100885 2053 23778 -1489 29980 929 36052 1309 -8603 19037 -22429 70548 -29905 25727 37535 -41834 25161 -20566 50762 19629 49798 19780 -39862 -1849 32290 58064 17211 -29465 21299 33750 26236 -30723 -1605 -8266 35650 -1706 4909 -53006 -19185 -524 -15608 -406 -39260 -18182 -411 26846 -40800 12749 -44693 -69983 34771 52843 -28557 -25631 29206 32550 -25120 -38482 20819 -11470 -17196 5084 36970 24186 -18339 -4993 -47093 20953 5535 
25172 40160 79480 -113 46069 -11672 1802 10672 -24732 -17943 -28573 -13568 27544 14309 30603 19820 76027 -77520 -12441 7124 -39206 7089 -15524 -3022 6717 17539 9122 38296 -17523 -24390 33438 -11442 34040 -38700 -30785 11384 64172 32358 -18173 -45420 28835 17194 -27861 25842 -23425 15271 31687 -8044 16361 -28653 14106 -41656 -10035 65726 -52307 -1319 -4789 16143 -62375 -7361 -7854 -21808 7121 -5869 10858 -37152 -31014 1481 10538 -15561 39474 41342 71602 -3264 5818 32856 -10859 21857 33243 -20634 
-48832 -21348 29361 16856 -25129 30364 41452 -24315 59809 -31494 12125 -61300 -49256 9757 33634 21771 -26157 49121 20214 -7902 60248 19619 36290 28868 -49982 -16400 -17012 -32447 377 15475 -38353 10244 -42099 31494 41083 -31556 -15068 24987 -59311 6780 9998 81858 -8008 21228 -13613 -53009 -31346 42481 -36962 40597 -71394 2228 5786 -46619 41216 -26492 44281 -12364 14645 8136 31573 9368 -21141 -14845 12417 -75555 38220 -36908 -17059 -15932 -47061 -7326 -13067 47972 19336 -6364 -68876 6293 -6861 -32779 
-11127 -21495 20647 7315 -38208 -69782 -51261 -39045 17173 -2874 45933 -25828 -25537 -27577 -32688 -36039 -31761 -47236 -31073 23614 -29656 -16997 -39158 -12415 19089 -3221 18045 -60100 22106 -19966 -45207 19765 -34136 4667 19283 -53636 -20985 -36793 -10375 21789 10520 7670 -30541 -9332 -38591 -19708 23652 32420 29057 -7535 18244 -47788 10553 -1230 -8244 -19824 -13040 -20268 10762 58558 38208 -61130 44211 29812 -2566 -27819 40383 3343 4573 17731 -16012 17628 -8476 -32150 -43738 -5235 -45569 31650 -1935 -37823 
-69753 -46952 -38560 -14173 21700 6207 -27666 81284 45392 -33607 10430 -15053 -7979 85212 -19906 26981 55729 1208 70324 957 -12224 -41300 26977 -29097 61243 3812 -33472 -31632 -2973 25569 65810 20053 86148 5108 -724 20897 56919 -39591 15638 -40361 -847 -9973 -26644 11069 -5714 -20920 3544 -11813 -24273 -14914 76533 63108 -7408 9054 -52918 -12736 -11146 27560 -2845 -29989 -28000 9764 -30019 -17136 -12059 56161 20544 20077 -16376 30655 36205 -5435 7418 -16409 53054 42836 20424 -22934 -25609 60220 
-15024 -34594 7940 13949 20970 -17982 -27759 -36280 -12857 -45579 -2986 -33386 -22782 4419 -41263 -21401 -9365 -16060 5850 53985 4978 954 29834 2042 -14639 14955 4023 -3682 -29929 50241 35288 24054 32148 -10075 -61432 16314 -9488 -38036 7922 -40754 34716 54391 3180 -46454 35930 33089 68045 -48697 -52914 7401 36446 25386 72861 17582 -29796 11288 -14703 -11375 18590 12261 -54350 -74 12096 27571 -49219 22621 22269 19527 -40187 15392 -9320 10444 2080 -25011 1685 -7255 18774 -64825 25057 17639 
