90
53604 -37741 30805 7243 32567 -14276 -9089 -29199 -58233 6228 20663 -14265 -10874 -15573 14678 15602 21860 -36401 18692 6742 -20216 -7135 -26441 44285 -22555 -3013 -20834 21440 -5759 36761 -35907 17984 23352 21916 -38464 15897 -43197 57802 25668 -413 4872 18445 1881 -8589 -54708 -18824 26150 -44201 -3287 63230 -33602 -6534 -51073 -11323 28451 17200 -14356 -31113 30014 9587 20134 13069 31648 16675 -36946 5867 34445 -37873 -18859 6539 37593 -41438 -45166 -58544 -17734 16635 60740 26867 -27329 -5353 -6305 57513 -82556 5784 13301 8226 22917 8437 -59819 -69482 
-74126 28749 27121 46672 50949 22069 27730 53326 -31991 10878 61 21512 13763 61276 25559 -40390 -18317 -61291 52042 11711 -55473 54056 -55938 -8173 19288 -3828 5409 -8402 39009 -10800 -27640 77439 -9607 -39121 47718 47838 16843 16233 29872 -59745 414 42357 8729 -48877 27602 3189 54592 28454 -28377 9889 -25526 -35445 -32694 -25095 29885 49379 51741 -57137 35552 1611 14435 55321 -8883 -84620 -8533 -31306 21129 -6540 899 -57849 29208 -42626 60572 35557 -37350 59637 -22783 67946 -49437 7799 1437 4465 -10655 -10807 -30006 -49057 -4117 46179 -17226 -4888 
18654 -28529 9590 27766 9746 58879 -67407 3803 20074 11507 43536 31718 -12256 -9917 76962 9007 -18353 -13394 -42466 44990 30348 9585 -31561 6429 67426 26789 7119 49834 -3822 -7046 -31841 39373 -13183 43964 59859 463 -48030 -7627 -10055 17082 11711 -47933 6084 -78057 15049 7945 6178 -22641 24195 28850 -36158 34819 -13775 -23646 -12648 -21852 23557 -23184 -36279 13582 9486 -1998 16769 -17211 -8317 30106 -42525 57344 -17857 -50992 50472 -40976 13970 -34456 -54271 40423 21553 32534 6506 -43789 -75712 -207 -48851 13063 36879 32665 22802 -6111 -7768 9605 
26243 49071 -42715 22804 23636 -54260 222 9812 -27665 18316 12478 14885 38041 2351 -23332 -27682 14050 -40142 22170 18597 3880 -6521 -1557 13214 -26517 2564 -10175 -41184 -18148 4571 20417 7979 35939 8031 10268 -14892 52768 -9859 6950 -48058 11655 -4965 18917 48908 -2642 14911 -8106 30073 27925 1986 42104 -19599 -11009 -10874 -49541 7232 -44402 28707 38164 -2222 16410 16697 35524 876 22372 -38422 5167 3876 -52846 6607 -34597 34261 41938 -13330 8902 -3038 -11104 -34290 -12081 -22708 29883 16206 4093 488 17189 15368 5775 23013 -2434 -26863 
-27357 -25433 -14766 -21531 -84379 30817 5968 35740 72182 -44003 19567 -9529 43439 -12333 -98439 10507 23095 12254 -52770 20847 -14836 -50353 -43082 17467 12761 -33930 1845 -26712 -3014 41985 25620 51889 21521 8144 27052 8163 19894 35176 82550 -19075 -51898 21655 -2795 -57620 29427 -35242 36920 3149 21725 -11566 54217 -51072 -59311 -17230 93662 1194 -38356 -6082 -13898 9105 -23827 42110 30025 -7074 -19293 -21270 36810 -6708 15273 18449 -72269 24694 -1812 46475 -83000 36597 -72072 -15620 -31509 39629 15468 18177 12475 54103 -18492 5768 -49260 12008 21023 -12294 
-9716 61800 -14099 57946 16365 -18343 21952 59301 47858 3964 -3461 33937 -57632 34552 63364 -36181 3479 11140 -1606 49144 54203 25559 -54069 28757 -4779 21580 56035 9756 13990 -14415 -12869 15593 2051 -41445 49961 -27995 -6631 36135 13210 2973 16849 10129 -43390 39408 -15130 5990 10734 -1190 -2186 35142 64163 9991 -13121 -40233 -31143 22037 5295 -42834 28633 -41453 36673 12790 6772 11541 -35609 -8629 57047 -33779 1481 -15747 -33610 -36202 18427 -14112 58180 23592 32223 -17248 25328 -24568 -53363 -28317 -1647 -43199 -13136 27184 40208 -19425 40506 32415 
-53264 4889 28155 27638 38676 49722 14399 -26972 58786 -7925 4703 -19658 -16450 2422 27401 25897 -13038 5077 18215 -41400 11653 -11896 44513 -13880 32596 -19055 -4093 -49760 -28141 -25719 38866 21697 -41693 -6411 3978 -72989 -14301 -1465 8447 12525 61399 68653 -44928 23578 31917 32754 8762 -7357 10003 -42656 -15990 -35923 24313 46115 43957 -17676 -32650 -69675 -25105 -11819 8146 10520 761 -23235 10620 11 31536 15766 8034 26140 -62729 38246 -50864 -21011 2180 69017 19003 -22875 -17210 -25069 17689 -4879 -42949 -31744 49203 -3958 32017 -7896 95704 23940 
-29418 11937 2069 42736 -3205 47514 39894 -81939 -24865 8316 34004 -20584 -39140 -11562 63843 -18868 8169 -8516 23606 -19427 -37954 -6344 -19046 -29941 19302 6935 40639 -5329 20192 29267 17463 37567 -53803 -14217 50601 1589 20512 22973 7827 11994 18753 14843 -61460 -47967 47059 -44157 35562 -4753 -8079 26966 -23892 41951 -22781 -40809 -16125 61884 -40 35083 -7165 -48168 -1512 12628 -4670 -3413 -69729 -1951 -15087 24107 17300 -41441 -4043 -13264 -3287 -16051 4483 13970 21642 -48071 12914 -9728 -11438 52742 -49047 2286 6806 -11678 75314 30612 -1848 23821 
40021 -36567 34862 -26588 -7316 -25458 -17289 12185 15225 -35703 -52839 -19570 13647 -46458 -8082 -10148 28293 5105 3141 50448 -7640 19808 77625 4461 -47021 39254 1925 4889 -25096 -12421 -50116 -62803 -19191 4135 -4618 -26713 -1330 -13699 -15301 -9660 -32226 -73854 -19286 24494 -30246 25367 -21114 14230 36644 -3968 -24280 35108 23135 -35729 4956 -7571 54142 45701 20314 -53925 19450 36082 -9746 22187 33747 19462 11906 -1828 -47897 -3649 43272 -14795 -28683 5370 46014 -31235 52814 8792 -3986 -16753 -52869 11522 14837 57394 -53440 -12203 13879 -27803 -3252 -57154 
-49186 -10286 -1481 14585 27091 -31378 -33792 50584 18037 22133 47738 33063 -10748 8992 22836 -33109 -90884 -9512 -29518 -25152 10173 7078 87309 35474 30737 36764 13270 953 48897 -22736 52863 -20482 -2671 56060 3991 19210 -35921 -23807 16983 48183 19287 -26147 45981 18245 29650 65186 8564 -25834 8950 -18867 -42117 -19069 8291 88628 8509 -27328 -7564 -38965 -9073 -24597 -37095 11773 -35739 -33146 17628 60357 -45920 17073 -19341 -14450 7801 -36664 8325 -64437 -43373 8091 -41563 -22881 21446 21897 -65949 -20529 -23582 39489 50545 -13510 27959 44467 -30220 -4475 
-54242 -6996 51691 -30808 -27525 47655 50402 15118 22068 64027 34291 12612 -17490 24811 -37663 26489 1224 24042 -53 -50183 -61238 11993 -75117 -26164 10097 -6295 -61488 32493 9628 8 6896 -12868 11427 2083 -35730 14271 40563 29756 12612 5488 -18116 -26048 20763 -18354 -4623 14458 -2000 -18657 -10085 -3364 -7379 -40442 -5733 2264 3515 29509 -14959 -3213 -17887 30320 25989 -52592 4916 -33611 -37922 -21122 11355 -30668 12862 -9977 47721 11996 11402 17147 -19555 -3339 -72655 15409 -12393 83138 49056 -4163 6590 31979 -21045 -42163 -49179 -15721 12903 653 
-38200 33073 -8398 12628 14480 15870 -10819 2801 -9540 -7550 41426 -2466 103434 -35805 12925 -59053 -20095 -50085 -22980 25896 25338 17330 1902 -9853 -28638 -31835 -29993 -47703 1228 -43026 -13095 13395 4318 70388 -51879 15545 37147 -37960 -49450 -45200 -3666 43262 -5652 -38126 28611 -2506 1774 -44048 50516 -10558 -6487 49599 60426 65144 -5238 -38299 -81574 -11590 5397 -5256 50310 29714 16181 -8277 71625 22626 4483 -30376 -48314 -45227 -12190 -9747 -22826 -19938 -4227 5208 -4314 -17594 18395 33127 16750 -22539 -564 -43881 24243 49881 20398 30259 -12720 -10058 
-20223 -111382 3290 7279 -5309 -6972 12948 -32793 -30366 24676 8152 3276 -2633 7912 19419 1278 -14738 -2086 29012 -39949 -10662 39552 -29523 -6997 25056 -22024 30408 20192 -3310 13086 43159 44649 27216 8888 19576 31983 47129 -5120 -28913 1656 8641 11931 -1311 -43561 59592 7371 10846 38263 -52341 -11693 20465 73697 34872 -11217 18667 1287 -26165 13502 12379 -4978 -69113 -32335 -63972 20669 22446 32081 -20872 -52736 9663 -47233 6633 41915 46090 61002 -18692 -55246 -8732 -28018 15432 31089 -4379 21759 11863 4520 -36992 -25380 -71393 -27164 -20897 -7058 
50094 23806 24347 -8870 69933 -24688 -66434 33495 -6949 5462 618 8008 -50337 2847 9205 2127 -12490 -31096 9398 21275 42559 25872 -35954 68607 -44569 -12053 -44088 -1867 -5877 -24646 33715 -24030 25216 -50884 -53156 -26309 -27637 30769 73338 38204 16319 2867 30716 27346 -44368 -83800 -14446 26128 -20786 6573 -21620 14158 -39838 22223 -38104 9331 33185 -42667 16855 7886 917 12025 -10876 -12897 41446 13051 -472 12503 -30434 64488 -41439 -6828 -25976 -23129 -8214 31949 22139 16841 -16069 25458 -45316 -11684 -6415 65016 42818 556 23491 15770 4588 -33148 
30210 16529 -28605 59845 -39331 -38617 36378 714 8465 -33111 142 36715 -31811 11851 14316 26310 16254 -29923 -7926 -26453 -287 -21909 -34370 -31870 -97565 -53891 14876 2026 -16234 52684 -3015 -7326 40002 -49265 24071 -20593 28629 35928 20187 57020 14096 40489 4821 22134 -37879 -67457 19224 32013 -14637 51367 42830 -36117 -15622 20098 40833 6703 10807 -12228 85554 28119 -12169 -1321 -19676 -39029 2805 -2276 -11717 -5203 57973 9830 -52367 -23747 18321 41527 -28772 31015 19015 40378 48328 30758 -7014 -5880 35359 -26610 33887 -31513 -61561 -47587 5565 52299 
2356 47406 -39304 23254 7501 19870 -4893 6558 1407 -5214 23807 -32861 9051 -38068 -7818 -18683 -43129 -99007 -95774 41701 71309 35885 -51538 -18748 -45289 20405 -15689 -78270 -3659 -22559 -30363 -35720 3733 -24621 47362 19738 -2307 -35086 -7841 -31776 29975 32644 -24428 -31592 4098 23601 8224 -30674 8486 -17092 -62073 -3369 -46069 -9421 34408 -15982 17179 -18656 8972 -36293 -20213 23788 20622 -48713 1262 63996 42254 34700 23467 40553 -126 -51944 -3406 3176 6429 44750 18214 -17791 60022 26765 9059 -26408 -18737 25345 47336 86 -35246 12732 -6497 32249 
15855 -12182 63101 3031 34104 33130 -13196 -77255 -38262 33982 -23944 -9483 6365 11180 -24710 -44023 -44285 -41018 -2612 -39033 -24050 14112 35491 3831 10143 -37520 -13974 42415 -18103 90840 3292 1636 63507 13686 -720 74495 -7187 -25534 -77520 16005 -21728 -8896 -42117 -34122 -26986 -14343 -10320 21108 22153 16947 -1188 -42078 31034 -16604 44254 40632 18248 21739 -3820 25533 -48059 -34902 -13778 -5776 -402 30963 -18385 52343 -5033 29238 38415 -52292 56601 13848 36925 -44483 30007 -17241 -29217 26370 42547 11210 -31529 59923 26084 -28185 26365 22200 -22283 49713 
26679 -13528 -48989 17097 -20835 9072 -16552 14184 -31191 -5017 12275 -1837 44909 -71817 -25191 -9198 -27791 -22313 -87870 -16479 38377 30477 40713 5611 18151 19825 4197 -25255 -25298 27928 7449 15456 1145 8051 -8097 16823 426 -1721 25490 30431 11604 6397 9501 -60557 13450 14194 4214 84164 29310 -24032 -34984 -6103 42688 25914 5694 -30124 31254 10568 13063 -12827 -41658 12768 -14519 9193 -4834 15053 -51333 48923 -13800 30451 -1457 8876 -9282 36374 -94206 48109 -13256 -17960 19989 37543 -67930 -37143 32809 12837 20762 16067 -40729 3547 34695 -15652 
-28402 -17306 18524 -34996 462 -16654 3283 -557 78744 7339 28222 -16255 3357 -34000 29029 -19029 -27121 69833 37452 53049 -49688 -12905 -45649 -11229 -10749 -1221 19033 40126 13782 19381 26956 1687 18361 13003 11535 -54820 47121 -10141 -7339 -24033 4003 22046 -12732 -16974 5307 5189 -605 7774 -6869 26001 -45095 -7642 -928 -39698 9976 -24783 -22988 -19637 11526 -14760 -18873 -30557 -24683 -19880 -72959 36154 8706 -21424 -36460 17367 -4645 32788 26204 -34085 21543 -19973 -5045 2341 -3988 -13434 -15975 -22363 19534 -8212 13758 58853 18300 -66681 -23335 4726 
35977 28142 -23924 -23143 23450 -16186 -48269 -31037 -6105 -24545 56790 -41009 54382 -25921 -12639 -52629 1728 -29704 13701 44171 -31936 19148 41423 -42685 28558 -14926 35646 -26874 69182 9313 12746 640 -9707 4338 6389 51991 -25138 -41693 1901 -56896 25298 -8566 -35236 -49276 28879 24952 32871 7208 -11144 25933 2209 58883 -9366 -9710 -9943 -43988 -11437 18178 -67931 -9248 57673 52046 23901 12822 16329 11611 -18661 2078 -48104 -7726 18966 10246 36500 -56032 -11203 -29284 -9286 -52776 4602 -35673 35946 77724 -45907 6221 -28182 29188 56945 41165 -1966 -62551 
13342 -72596 10715 -46707 -11124 -40007 25462 -35152 -19140 29004 -15248 3842 9914 -52601 26626 -41174 -43224 -2576 38584 15184 13426 11753 17765 21732 21926 -27301 36545 8012 -41747 -25295 37534 -4263 -9995 88950 -14960 26406 -3516 -31551 -75803 24665 -5433 -11890 11821 -20517 19232 1235 -63866 32390 14770 11624 -15176 19795 11062 -12560 28065 12435 -34498 -2631 1454 17014 -67166 -11476 -23179 -23978 -15107 15370 -16898 30988 -8519 -19603 -447 16712 47545 33831 3206 -47219 -8402 -13646 -3483 23199 5987 4230 -48480 17718 9698 -15873 8742 26997 -19419 17775 
20445 -27323 -52748 -73858 -10649 -33581 -6274 2073 -38334 -24055 -54922 -69873 23614 -9041 -14780 -4317 9186 -10317 40240 11580 6036 67964 28521 19394 -34237 7166 -51487 -19238 -16346 -31421 29010 -6108 36840 42967 10291 -43016 -46231 -14019 31196 -40159 -29763 -32498 461 39026 11792 21612 -21632 -18944 -52690 -45686 -15357 17567 27060 13135 -46356 -36894 22437 1035 -11558 -14506 -19315 -8589 24162 46093 4909 38531 17362 22306 -31214 -18438 -1886 -3525 -12438 -24711 21970 -55756 -15285 -74866 -47968 20884 -1945 30171 16416 30967 -32332 -5780 23202 12504 -55590 -57709 
-37583 -30961 38441 22467 -36764 25943 10819 45994 6541 -21752 -16979 18527 -28183 2364 1841 27778 -9752 -17210 -20613 -12854 26197 28864 4665 19805 56720 18442 -10141 12027 -53345 -66370 14071 -23647 -50562 23779 30711 -40532 -8965 2589 24186 22259 25339 -34185 -30648 58500 50566 -6102 13931 6315 52766 -31950 12472 6444 35687 62403 25928 -7605 -12944 41918 20819 -24716 5862 26595 11469 -15999 51530 -47775 11679 8759 -45438 -10270 -2160 -4417 -76698 210 -10229 74666 28914 48223 -72678 469 -37695 -65999 1355 -1362 -3104 -13759 38279 14542 12694 9122 
3503 33396 39590 49626 2563 17736 1160 -54586 -31521 54025 56886 -7444 23171 15110 5346 -19055 -18662 -75876 995 -42033 -46435 8459 7909 -55582 -14566 -7349 2268 22821 -58186 42266 -69834 15250 13905 35897 30775 22947 9130 19666 -63091 -30048 -18891 4968 -32950 -71462 32897 -25330 -3662 600 52750 -8076 -6561 44828 36428 -57688 -14385 34199 -19893 23475 -2179 42369 31415 12448 26088 -22475 -17886 -28389 16390 64356 -21291 -27438 49159 -6216 23544 3387 11044 18136 -2701 21032 -53103 6092 65618 -10612 2351 -14821 29162 43050 -23704 17358 -11299 6003 
-1153 -11680 35539 5569 51701 17046 -26208 67424 22473 90150 3219 37060 -26673 17925 -31834 531 -10350 -29539 47366 29230 -12662 5011 15043 -22127 56947 14685 -11668 31093 18700 58178 35680 20121 287 -7995 44175 33375 -2595 13448 18282 -13610 22977 -43309 -71037 -72020 37732 22372 7283 34779 44520 55490 14671 4509 10043 -13156 37209 -18165 -15992 -44297 -2932 -24050 -16852 -10424 42551 11042 -14089 20736 13578 70877 -12148 -7995 -29545 6383 108547 -14052 -6111 24642 -23777 -12037 34953 53315 -35189 7671 -8555 43999 -17804 -84679 13535 60112 28618 6061 
-27527 103960 -36918 -2028 -27079 656 -2065 20893 37439 -11438 20474 62340 58225 -16209 27610 48095 -14030 -50537 -54367 -9420 2693 18452 44906 -84914 27781 -9726 -32453 -31888 10463 -9127 -23073 -31531 18505 -1788 27801 -15461 -9762 -36659 -28484 6386 31925 -20711 -12297 9974 -5939 -4130 42762 13986 27798 -11370 -20530 -11887 14781 -7691 -13858 -36444 41732 2305 26905 -8696 40731 -32807 2562 -4757 -12295 -18017 25937 18351 49753 -29987 -23813 -24905 42067 -32723 28619 16633 -32883 -36288 47853 8222 4979 -15146 27726 -34216 31691 -5577 -39330 2489 37859 43585 
-26041 -29400 30811 -14716 -13713 -2634 27248 -36266 -23936 22837 -16258 -35838 9426 -23063 -2532 -39097 -30951 -7226 -27893 35059 32610 55949 48454 65702 26372 -19912 -259 2422 -15493 46677 -3974 18255 31349 53737 91211 -14762 -15813 -63448 -57874 -49451 -41132 -164 -84691 -7519 10552 25985 -676 23267 38794 12083 5019 -9335 -1254 -49741 25406 -44422 -51870 8204 8809 -5026 -53398 -24044 11710 2034 7925 73797 14826 -16156 24621 -16423 5085 -36189 1077 46721 34713 -53634 -7190 -63314 -37461 81061 -23718 -17739 468 66608 24751 11593 18162 -47776 -34860 19295 
-53546 27713 -6457 5628 9026 44205 17794 4916 39980 15223 71449 -8007 -64821 -43010 19575 -29785 -8747 30894 5302 11150 -44797 -30666 -25430 23703 -9445 43420 90353 -45665 8442 -25807 25281 -8459 -21430 19759 74525 -17519 18962 26333 7710 -29549 -10528 15804 -19234 -38943 21995 -22589 16867 -44726 28402 54073 -13836 8828 -35012 -22134 51722 18833 -71191 19438 -18450 -34208 -32073 23295 26758 27452 -58737 13181 18375 913 -26948 -11226 -5197 18855 27824 -38801 -16356 18620 8173 18986 -21427 10716 24430 33387 -54886 16220 30279 33223 -38858 65226 -20289 -51460 
22725 24348 49155 -8266 -17251 31061 -50023 -31137 -24956 -17281 48151 -31554 -24014 -29480 -15076 -11560 -21936 -27120 -29452 29114 -18489 17028 9041 25126 -5538 30008 -7456 34713 -70587 33604 3894 -60710 2772 39596 -19832 -45293 -3975 22261 23675 28388 -31946 -33247 25178 -17483 -21011 12937 86046 -18535 1178 -19359 19053 -16845 29496 11249 -18673 20501 27146 20999 -4255 -39471 3566 98084 667 -25719 27478 -27487 -18718 43415 -34761 -5129 47546 -31980 -29724 -12254 -34031 -2956 5060 22423 -63314 -17856 -20716 -21510 7679 51890 4431 38744 38796 12665 10754 -28536 
17761 -41242 1263 -4876 -55010 37717 -7671 -28150 40848 -58774 38818 12876 -54027 12481 46535 37970 -34918 23938 -9959 1932 -25959 10407 -14490 15141 52972 44072 -118 50062 8721 -12668 42033 -88600 -34708 17345 4912 -52779 47983 36368 11645 69105 -10761 -35532 -19544 27142 10980 -25594 77017 -21023 20188 -23594 -47561 30796 -54937 11919 27388 -1882 7748 2770 -32927 -14276 -8089 -1147 28546 -13242 -6163 14807 3976 -14824 -10751 -30514 -6516 -11113 -37695 10237 -7618 34557 3187 3503 10694 -49775 -17989 -32553 -14130 70270 -14722 9206 -4613 -28249 42377 -24758 
-61270 29488 -11669 -15983 13304 5159 -26556 14693 -23415 27916 -8166 -5880 58612 -34368 -36409 -45371 -35103 -10885 -32294 35231 28043 3768 -6556 35896 21911 20230 36662 -26102 44002 46921 17863 50851 9338 13429 4419 38820 -30979 -32406 14786 -3179 34180 -4660 10559 -7575 19595 82580 27354 -6005 -26593 34308 8928 -8180 39784 17346 -21556 -69032 -7189 23177 -15585 31 -24809 -28515 9382 27914 31839 3522 -79267 17086 -6973 18234 -35855 -44170 16744 10380 -34758 -15631 -8866 -17945 28707 -11263 -34685 13913 32285 -50999 29557 50112 18117 39181 7286 -7641 
1039 29394 -14447 43318 98 20257 43049 65337 9202 32013 1596 -20542 21669 -1673 -11047 -26824 11720 -14492 -39065 -11471 70804 62999 -12023 15747 13351 -8390 62757 -51039 -66891 -26049 19025 19356 38772 5814 21746 24840 -30146 4467 -46038 -4488 -967 22577 -55674 -13225 23704 16854 -51252 21883 9084 10665 87705 -22650 -8965 51042 -37101 -44647 -53296 -39720 -39935 1148 31978 -43199 25512 -3737 -633 13185 69639 -77955 3864 37650 -13936 -19048 -41928 33491 18987 6369 5049 -8023 60280 69081 2103 -100595 26271 -10278 -7148 46293 -16841 -73994 -11836 45183 
-29885 44834 -7890 7821 22307 69914 -39198 -43443 4212 -27564 36885 -20393 55149 -25653 -54209 -37729 8175 -51007 -55860 -15314 35839 21084 -50106 -4177 -47253 23052 -8665 -27456 8570 -34957 16074 -86308 -9571 4070 -5511 -27137 -8098 3297 -5733 20930 57405 39542 -12894 -51873 11673 -51382 -10400 -50640 -14386 -19415 -28523 6814 5607 -50314 33607 48860 -33407 4654 9099 -53619 4726 2559 37587 -23907 -2864 43236 32382 945 -60552 29848 -40002 -7644 -15993 -41437 40831 -47797 6451 4084 9988 31449 -12139 -16642 -1156 18871 82089 -14610 29446 7075 11250 9185 
1732 -74554 58668 -6436 27402 23047 17784 36679 11866 473 16648 -16322 21804 5496 -5565 31315 9247 30324 29746 -1035 -67923 -30857 30898 36128 -44642 9558 -60768 34317 -65673 -25142 -36643 41033 86076 46827 -11361 69960 -6142 51917 -35027 -23427 -24332 41506 42432 -76998 -43294 -6647 32257 -22974 79469 2428 -43442 -28584 -60434 25200 16301 -64873 -7765 -40207 -15182 -63922 19885 35223 2080 -27050 -44830 -13984 52692 -18410 -27367 -16228 -297 -10902 -1465 -8976 -45737 1247 -28561 53606 -51333 121185 -19256 -6974 -31021 52924 -44325 -1214 -34256 -22586 -50240 -22120 
35588 -54148 44750 34278 -4420 2062 -1453 -32552 -12284 -39908 -63362 40036 36461 34786 21907 -14660 -14915 19949 -2406 -17817 5740 3511 -26967 132 -9978 -33075 -27398 21017 -22394 23739 29332 -7226 34669 -17109 -33139 -2955 62951 29606 -13854 29672 -24082 -48532 40893 83323 -18062 -70426 39399 71199 -36301 -5726 32300 37412 31585 36818 -12278 45123 31618 101 45990 22267 3446 -42782 -20391 -20220 34152 816 -23459 7399 30753 -5775 -39207 -4407 -31599 -4204 12309 -32156 -7138 -2065 -33904 -6171 -34704 -39902 62419 10383 -63221 -37972 82113 -5996 21184 33803 
840 43163 -23296 7469 41064 34825 238 18702 15094 9305 -40100 -58942 -26661 26271 58952 -3209 43750 40710 37880 -31489 -13347 576 -36560 31214 -34815 -2256 45672 22219 14688 804 -14395 -4015 -18342 -14488 -28465 70624 35382 16702 -17084 -3729 55386 18882 28785 -84441 -348 -19937 -39712 -37469 -988 19656 -1472 19156 -58952 -47440 35822 15279 660 5253 9849 -93062 -18733 11980 6133 -8792 -1995 14049 27434 19580 -6792 -31911 7375 21871 33705 -17172 39987 20933 23448 -33909 -3358 1752 8681 59240 -46856 -932 8593 -76588 -34786 15488 -2892 39745 
42890 32388 20390 -20322 47564 5804 -28790 -2630 11214 -58451 11474 7655 -15750 -28275 -13115 -64933 24278 32174 26538 38894 4626 -67112 -16719 5537 -48552 27086 11179 37988 72521 45774 12840 -38348 6289 10827 -30789 -3654 13865 26284 24539 -35747 5306 -27177 -13738 4701 19197 -16212 9775 -4562 -18524 23034 -44660 48853 -60516 -47608 -7560 40443 30232 -32929 -17212 -10213 61808 9050 41970 17417 -55192 19627 17143 23982 -24124 28726 16210 -29739 32011 -78018 50646 -22859 28512 -68 74933 -62984 15206 81268 -51324 14055 29469 22630 60373 50436 -35698 -1576 
-18964 24956 71474 -33925 -10842 7879 28855 -51854 -992 28253 48715 -99 -10318 -31029 22411 -77610 10524 -18184 58275 15435 -12956 -13050 -23521 -16808 -41323 30634 45982 798 -7086 -4887 35420 15887 -1833 35239 -6777 -70264 21113 48950 19746 5639 43528 -20461 -41885 -47995 32770 -16369 -42641 -21801 -40475 -4917 -24302 3967 -24923 -33691 21281 24257 13469 -8265 19217 66350 2175 28359 25259 -30466 -66989 31345 14280 40634 -102812 16620 29401 -45964 43466 4191 6052 9458 70442 63027 20040 19409 31521 49324 -50955 7416 24 -34212 -22263 26989 -74888 -9483 
23383 -11279 14239 -257 5089 -27107 10693 3231 10457 -36409 -4659 21070 -7500 -7275 10828 3339 5856 30374 -30790 -15640 -36499 46207 -31270 -42354 22798 -39217 -3108 27982 44532 3161 45240 -13835 -18917 -52936 -31384 11328 10408 -246 25508 33982 35390 -15001 -32241 14815 24847 -30481 49156 59809 -76237 -30029 5648 26900 4976 -21748 7995 25630 68313 -14065 9276 -4121 10417 18533 -56869 -14256 -32303 -57806 21578 -46869 32294 10519 -3680 -24334 25819 -3162 -4965 -6494 -11031 -12041 24641 -20117 10106 16705 424 27791 -17288 -18706 45547 11803 -1081 -18994 
-3014 -34897 18021 -14807 -30022 10547 26345 -59311 -53757 -45672 -88874 -34409 53 -12367 -4846 11871 -30208 -25263 27325 4140 44505 26849 -13589 7136 -29873 -91125 -22701 -30461 -8815 5459 26205 36468 -39095 -40417 5376 -5396 -14147 -6036 14803 36936 17332 19195 -1017 52066 2049 -5228 -32249 15883 -41649 -34031 -14566 -60337 20352 -3910 25175 35707 45801 36225 33041 8416 -30887 14120 22005 -28270 15379 20129 -49333 -18761 -2399 20167 -9683 16057 -6140 32667 -910 -55212 32755 -48259 -5407 -1497 -21842 13817 -30219 18657 56000 -47973 40744 4875 38964 -7076 
-18148 -23357 -21229 24185 8877 18017 -17226 -901 19269 -3735 20204 13636 -18031 35517 -15321 17009 10795 -32922 -12552 -43641 158 19809 20957 -20358 29608 8699 15881 15112 -34323 -4606 1618 -30575 -31789 33854 -6435 -34356 -4624 -9394 -42188 31684 -52543 -10884 -97887 -4281 -20818 12155 -16115 13021 25317 -3448 -32232 -10462 29303 58151 18153 -27552 -26274 -50686 -26898 40822 -33068 -10370 -22424 50645 9288 -19850 -12097 1416 5866 -30511 22285 -40968 -37858 50866 -26114 27325 55920 52393 41413 4828 3790 -46640 5432 -3866 -13279 39898 -15100 -23190 67630 8 
22395 48013 -62434 19237 -10747 4730 11259 -25064 11567 -16791 -25782 13501 13248 -40982 53271 -4886 40585 -15685 32850 -32428 17983 -34050 -3424 2890 -66463 -30399 25998 -37588 20391 -11506 20156 -451 3004 -46448 -34946 -21357 -70504 68213 30477 93031 37120 14725 66245 36480 9710 7370 6413 -23866 -15826 19889 13778 -25823 -27781 -25121 1765 26791 59510 129 16389 7191 23426 25028 49484 14047 -75176 18117 -10677 12496 -6069 74462 -75564 -38415 -50523 -54044 -13208 26334 -4539 -23109 -15081 -5843 4180 20139 -32012 -25529 23448 22589 11147 34622 -25391 -13423 
37599 -31824 20821 3073 -36377 20001 -32010 -1347 -10709 5033 -30860 30385 -19761 3531 -46220 29667 45848 -16593 -10950 -22303 34916 46061 -3508 26562 12565 -11789 -3150 49991 34182 -8452 -24011 -32711 -33129 -42609 -52170 -235 -35914 -58114 -40402 53315 -23510 -54645 -5125 32937 -89037 24063 -33239 20356 -54318 -2682 -44699 42655 48328 59095 7643 -20708 18760 38893 -29922 37837 -14210 -20380 11670 66554 7960 50601 -12692 -37537 -47879 6240 51843 -41035 -63214 -79906 -10503 -48825 41423 2863 -40879 47921 -53020 -16719 -17881 8479 -27017 20261 69833 -17654 7851 -16349 
-90723 -28135 16882 -36244 -5185 -13983 -47757 22686 14362 -14572 -14831 -17732 -97988 38566 -5038 54601 -12535 22949 -23305 55053 -49271 -23643 -25913 73763 -14077 -3050 8303 45914 -22178 13320 -36613 -54169 -32394 27860 4588 27372 8717 32541 42347 44808 -38808 16777 48042 13704 -55610 -12842 18700 -300 -11906 23816 -3023 -12328 7677 9296 28817 17901 -19210 -33033 36160 -15593 -4345 5398 -7016 -9901 -13259 4106 1991 16138 31946 -23758 -15568 -35084 -13101 -38042 11959 728 -28078 19976 7802 19710 -15044 -40649 12219 34285 16423 -37786 -31001 -46707 2423 13473 
31940 -43317 12953 37047 -15425 -4595 37629 -33562 -7861 12411 11800 11266 11775 -76113 -17378 -28608 18339 23698 -29587 50030 55519 -22796 70362 65670 -16188 -9431 32402 -27207 -5233 -43844 -51996 22884 -42240 29493 -18647 -8450 -15151 -32797 -51255 10119 -61985 12651 5604 -19304 -15609 2657 -58848 10905 47700 46544 14407 11338 5986 45278 9446 -9305 -22188 33613 17782 -1093 -23103 34990 16851 19462 40015 101636 -71096 7687 6418 4703 9511 41016 -14779 47668 -38190 -23688 39906 -14369 32425 37210 -40681 19687 -41170 -7277 36571 9038 -15383 -20665 12852 10226 
9965 -44714 20138 14859 -11808 2844 -13836 -14249 34168 -14825 -14885 -33184 15101 41821 17269 -53252 -28664 -37242 34361 55486 34621 -31186 -10808 20179 -1839 1031 -15342 -23340 65484 -27032 11871 -24258 -9029 7539 54552 -4027 -2057 -25538 18309 -21990 -3433 -17601 -9398 45073 80491 -9557 8901 -63074 -15874 441 22952 45600 -48591 3105 14199 20037 -11219 -9529 -23425 13445 24667 34818 34036 -12694 17380 14718 13751 -1063 -38465 -13314 -26292 -15974 -6391 -5786 18646 3051 43509 17502 14453 11833 52353 21719 -43635 12629 -65519 16324 25319 9596 -5296 -36450 
48417 -32372 24162 6242 34660 -14003 -3447 -25013 -64330 7320 17205 -14447 -11602 -19941 14678 8959 18675 -38858 12959 -1448 -12026 -2676 -32720 47470 -23465 1628 -15647 13705 -7306 38763 -31994 14526 25718 19277 -41012 16534 -36645 59076 21118 406 10696 18263 -1941 -7588 -49248 -21554 22237 -39105 -1831 61865 -36059 -10265 -47706 -15236 37278 23297 -17632 -33024 37658 1397 11489 5607 28372 10123 -30303 12692 40633 -39784 -9941 7722 32042 -42621 -41617 -52174 -10090 13905 67747 23045 -18229 -4170 -7852 52508 -77278 2963 22219 36 25556 15353 -52630 -62657 
-72457 31734 36035 50537 59281 17622 26068 45892 -38568 16111 -165 15824 16670 67453 18019 -43346 -14950 -56211 49348 7830 -65037 43803 -49866 -1684 24271 -11059 -2368 -3057 45505 -9731 -32697 81637 -7523 -37985 45626 54995 14360 15754 26653 -65662 5419 41502 10515 -52381 25848 -3622 49356 23441 -29540 12154 -31417 -40523 -37385 -20741 21682 52781 50089 -56933 33050 3583 20760 56024 -4064 -92679 -12847 -31296 19916 -2969 -2954 -58217 26867 -41049 65078 28763 -44244 60051 -19245 65762 -53297 15136 5799 8172 -8875 -20278 -33582 -56470 5833 53500 -14090 -1419 
18654 -28529 9590 27766 9746 58879 -67407 3803 20074 11507 43536 31718 -12256 -9917 76962 9007 -18353 -13394 -42466 44990 30348 9585 -31561 6429 67426 26789 7119 49834 -3822 -7046 -31841 39373 -13183 43964 59859 463 -48030 -7627 -10055 17082 11711 -47933 6084 -78057 15049 7945 6178 -22641 24195 28850 -36158 34819 -13775 -23646 -12648 -21852 23557 -23184 -36279 13582 9486 -1998 16769 -17211 -8317 30106 -42525 57344 -17857 -50992 50472 -40976 13970 -34456 -54271 40423 21553 32534 6506 -43789 -75712 -207 -48851 13063 36879 32665 22802 -6111 -7768 9605 
26797 46751 -40145 23072 22573 -51572 -4 11820 -31382 21178 10920 17930 38249 4439 -24762 -27566 14706 -38043 20539 15578 7030 -7201 555 11504 -25375 1430 -10484 -41148 -20047 7703 19566 8305 36204 10111 9377 -13579 51315 -9352 7608 -48089 14387 -4716 20142 44082 -995 11794 -12367 30445 30062 5679 46450 -23261 -7342 -8206 -49288 8897 -46993 29850 39881 -1435 16591 14765 34891 2396 23676 -41416 5899 5789 -50810 6790 -32531 36277 46066 -11483 5307 -713 -15186 -30997 -9462 -22948 28805 14351 7025 -4509 14951 14342 3555 21186 -2408 -24825 
-27357 -25433 -14766 -21531 -84379 30817 5968 35740 72182 -44003 19567 -9529 43439 -12333 -98439 10507 23095 12254 -52770 20847 -14836 -50353 -43082 17467 12761 -33930 1845 -26712 -3014 41985 25620 51889 21521 8144 27052 8163 19894 35176 82550 -19075 -51898 21655 -2795 -57620 29427 -35242 36920 3149 21725 -11566 54217 -51072 -59311 -17230 93662 1194 -38356 -6082 -13898 9105 -23827 42110 30025 -7074 -19293 -21270 36810 -6708 15273 18449 -72269 24694 -1812 46475 -83000 36597 -72072 -15620 -31509 39629 15468 18177 12475 54103 -18492 5768 -49260 12008 21023 -12294 
-9716 61800 -14099 57946 16365 -18343 21952 59301 47858 3964 -3461 33937 -57632 34552 63364 -36181 3479 11140 -1606 49144 54203 25559 -54069 28757 -4779 21580 56035 9756 13990 -14415 -12869 15593 2051 -41445 49961 -27995 -6631 36135 13210 2973 16849 10129 -43390 39408 -15130 5990 10734 -1190 -2186 35142 64163 9991 -13121 -40233 -31143 22037 5295 -42834 28633 -41453 36673 12790 6772 11541 -35609 -8629 57047 -33779 1481 -15747 -33610 -36202 18427 -14112 58180 23592 32223 -17248 25328 -24568 -53363 -28317 -1647 -43199 -13136 27184 40208 -19425 40506 32415 
-48370 -1866 23457 34061 37725 50380 10704 -37468 53009 -16335 -1445 -23276 -16611 7160 23042 25168 -8688 2816 17905 -44139 8989 -14281 52027 -10992 31904 -19403 -2475 -44701 -24660 -26119 39097 19040 -40472 -877 9973 -68756 -18932 -6177 -118 16005 62482 70410 -47889 23519 36041 32471 17305 -1494 9931 -41235 -11179 -28292 24076 45133 38783 -8690 -23861 -65814 -21321 -15496 3268 16103 -2807 -25526 17578 57 24608 24816 8042 28259 -62279 42896 -44950 -17388 1996 60122 28073 -21298 -20331 -33642 18268 -4604 -42771 -30181 45532 -7350 36143 -7504 97956 28212 
-29418 11937 2069 42736 -3205 47514 39894 -81939 -24865 8316 34004 -20584 -39140 -11562 63843 -18868 8169 -8516 23606 -19427 -37954 -6344 -19046 -29941 19302 6935 40639 -5329 20192 29267 17463 37567 -53803 -14217 50601 1589 20512 22973 7827 11994 18753 14843 -61460 -47967 47059 -44157 35562 -4753 -8079 26966 -23892 41951 -22781 -40809 -16125 61884 -40 35083 -7165 -48168 -1512 12628 -4670 -3413 -69729 -1951 -15087 24107 17300 -41441 -4043 -13264 -3287 -16051 4483 13970 21642 -48071 12914 -9728 -11438 52742 -49047 2286 6806 -11678 75314 30612 -1848 23821 
40021 -36567 34862 -26588 -7316 -25458 -17289 12185 15225 -35703 -52839 -19570 13647 -46458 -8082 -10148 28293 5105 3141 50448 -7640 19808 77625 4461 -47021 39254 1925 4889 -25096 -12421 -50116 -62803 -19191 4135 -4618 -26713 -1330 -13699 -15301 -9660 -32226 -73854 -19286 24494 -30246 25367 -21114 14230 36644 -3968 -24280 35108 23135 -35729 4956 -7571 54142 45701 20314 -53925 19450 36082 -9746 22187 33747 19462 11906 -1828 -47897 -3649 43272 -14795 -28683 5370 46014 -31235 52814 8792 -3986 -16753 -52869 11522 14837 57394 -53440 -12203 13879 -27803 -3252 -57154 
-32342 -15748 10699 -43543 42655 -60664 -54282 -24984 784 -32612 -24010 15076 23025 -34382 63936 -77318 -58918 4912 -40478 29108 6206 -26163 24166 52371 -23946 -11395 -14610 19263 65517 -7055 33614 -16996 7094 67786 -56449 20708 18671 6003 -45111 33757 32236 -8160 64881 -4184 -21360 61008 25077 -57713 -37905 -50407 -18019 39505 2885 27444 -34722 25236 23343 -29635 10644 -41274 -47748 9030 -6383 -20113 27297 66698 -18112 36412 -44322 16843 -57792 -28228 70359 -9328 12006 -15765 -45943 -62559 9419 13820 -25068 10326 19888 689 17715 -4629 3856 24981 -18787 17968 
5464 52556 -25443 6823 -23207 20372 -27947 31564 -12788 186 -8926 27391 7309 -16436 33212 -14805 -3696 1483 -5280 7574 40335 -52635 -34766 -39198 22630 78060 34031 29252 51978 43746 19682 1746 -18754 -3018 330 7866 23814 -10940 18383 11985 45631 -15575 30012 13748 44628 72386 19038 18402 48748 28845 36540 1834 -12112 -80022 -39002 31718 7867 3692 3116 35983 72433 -23236 17178 -53892 -35666 -29332 13415 16121 32950 -868 25596 -16680 17462 -42208 41313 32148 1468 2681 59431 -64631 4402 28285 -7244 175 -18353 -29023 53154 5841 40162 45306 
-9208 38744 55482 -42542 40184 28627 -51948 -7427 -35691 32389 62091 17059 -6151 -6629 -22212 -74618 -8864 -57044 14698 22340 28257 25260 12058 -13543 61715 39769 -19658 8771 37852 35012 20889 10999 51373 29226 12361 63515 13081 1312 -5072 -15380 23080 -26320 -38199 -59244 23896 6358 24119 -14822 -277 13171 10253 57617 -26659 -1182 -10997 -42969 2414 -12680 -35078 -3745 -17954 -4237 41366 -16164 12945 945 -1867 63385 -33014 915 11323 -37350 86480 18163 -4132 28951 -13093 13748 36968 46768 27154 45985 -545 19673 -18751 -37467 -16183 68488 -9093 -23155 
22035 -29113 11088 31088 24746 -27000 -23821 -20577 15429 26231 11950 -3866 1207 -41381 9051 -31481 9260 -6785 7395 -13879 21589 -47873 16600 26449 -20661 2437 43450 -32369 -33681 -44135 -16568 -4449 -1197 4957 -16520 31483 45708 -18518 -15962 -6854 18244 29577 29486 -15948 50471 37348 -54350 29685 34166 -1634 601 97654 9483 15343 3429 -36039 -25037 -11050 -33191 6309 -40215 36817 41554 14950 53000 35146 -33123 27348 17386 3860 -46478 44996 -970 1125 -86 24345 27840 -10244 30927 -4497 70278 20754 -43281 25595 18330 50676 -37661 -5540 18543 -5912 
84584 -1166 -28764 9232 -2512 13928 4132 -40568 -16967 -15503 -16036 5664 29763 9946 -65215 8936 3170 26933 -170 -8434 9070 2786 -18598 -14661 16991 43772 -52869 17265 23948 17716 7263 -2549 -11524 6441 -45684 -46295 1597 -3423 26345 45377 -27969 -45977 7899 39505 -42585 -14733 -21095 -35046 -8652 2924 7981 -30100 12568 16280 -13371 7653 -2336 53740 -31388 72533 61352 -52594 35229 73965 12975 -15990 -5941 13312 -36253 13832 57932 -2827 -23698 -33876 -40817 6264 10856 26306 3149 -1426 10514 -12641 36292 473 -30172 26066 3398 2556 6761 -47309 
59991 18770 849 1082 -25132 10109 14538 20448 -75231 9464 -27626 2305 -24001 37020 48645 -21154 7345 17881 57411 -54939 45322 19574 -77729 161 -12840 -7129 24277 63102 5595 77710 3023 28093 64622 -28594 -22035 39608 27924 10608 6590 42336 17087 -7180 36540 -2016 23514 8251 -12312 39143 -3707 65974 -14912 34601 -44881 -56881 -10936 -12411 77288 -8537 14892 464 -47053 -1502 12096 -32471 -8667 -22346 -14483 11925 55265 -1477 39470 -23337 39197 -34269 7060 -6403 25929 -14210 -4045 -23132 9012 19510 -26058 -12210 10852 18870 40922 -5313 -334 6657 
5791 -9654 -37408 37208 -39737 -21958 9122 -31698 20700 -3308 50317 30770 23868 -9352 58096 6200 37628 36050 -26306 -80888 -53527 -83852 71762 -14879 -20924 11398 64694 -23720 14258 23807 23164 37781 -16225 -3908 -32980 -37880 94328 -42339 12846 30080 -4205 18462 -27179 29849 47396 -16030 29686 14407 1346 -44821 -32939 16747 -6906 -7352 29771 17824 -50649 -5465 -6139 -5787 -67462 39449 -44857 -1183 -6145 -36595 1192 -18416 40795 19209 -40683 54749 -9190 30681 -20211 2663 10909 -999 -12092 -359 7180 38531 -18294 -29675 47717 17257 -12863 -26675 -15577 -16723 
-26550 53685 36986 8793 10816 2683 -30359 8598 29765 -24718 -18017 59636 -6003 -20529 -32287 -21226 991 11875 -31350 -51008 28043 40528 -27232 7061 56037 26329 41261 8708 -5946 -33119 9819 2425 -30852 -38157 15617 -32193 6404 -34092 -9589 17710 36674 -11792 -21710 32792 4406 -17571 -32238 75524 -25394 -38680 40197 19973 35592 -29723 -35613 23608 35466 19151 50274 11377 21109 -24617 -42268 -28894 737 -44685 50326 -27606 23580 -33465 -3541 3305 -39370 9786 23235 22112 12079 31384 -19263 -24799 7354 -17000 57255 -49277 -17366 -20912 29393 13655 73524 19935 
-29790 -25369 32840 -7162 -26383 -2864 16775 107092 1483 36530 41696 -1069 8729 9068 383 79485 12850 -12234 -23500 6376 -15834 -62732 -9119 -6751 -23714 25577 -71462 18049 -17617 41048 -19973 -98 -12538 -12600 -38906 9993 5068 82673 37579 -43569 -25847 -43863 38963 -42754 -35759 -8197 50872 -10696 23672 5936 -47545 -48075 -12069 79734 -13204 2127 -27763 -22556 36495 -31000 21018 -13356 -7586 -14353 -9395 -9682 4915 25041 -27446 59259 -4636 -25151 -13822 43993 -43486 53209 -58274 37413 21450 31087 -94915 -35338 40623 15077 1136 -66790 -18352 21909 -55608 6223 
-66403 611 37958 59474 31162 78891 -8492 52712 -7804 79963 73537 43540 -9479 -17590 19625 67072 101166 -3879 -4089 11732 26709 -23236 -38997 43474 -57177 23869 -5607 -14464 -64753 -51319 -42882 -57429 -61147 -68126 -53390 -24258 -28316 70131 -55273 -16749 -26490 2512 64711 -11665 -43274 21470 -21805 -10671 493 -8772 -25874 49600 24852 -29091 20939 1007 -15631 -4298 -29741 -43000 35514 -13781 86733 27923 18691 36846 -35960 -17871 -23069 -18556 57109 9536 -35624 7629 -12410 -19575 7859 26542 57226 -3055 -48976 17848 14424 -29046 37762 -24978 -17048 -1649 52471 51011 
52968 35935 -12791 22216 28334 7273 -9468 21846 -53453 41819 -5392 -5798 -25803 23255 -61320 -57492 -9616 29579 -25644 -33400 41502 65579 -13253 21120 24197 31713 35235 -1708 -7766 42512 -36998 1294 13490 -42753 -14845 -15711 -39722 17449 45780 -5868 4361 6951 -18855 -14144 -15111 -9685 -60676 28721 -23425 45181 20065 -70347 47955 -29329 1883 40932 8117 3183 28649 -1902 11676 -2477 22097 24203 -23421 -637 23963 2009 -13274 15169 42558 -13734 11670 -23810 -4009 -6258 25477 -10829 -4257 36500 43725 -26156 6571 -29983 25864 21641 25220 -3379 38458 -70809 
-663 49975 -39856 6539 31990 -10343 27217 -2547 14539 -47744 -32093 -16211 31113 -9898 10738 192 32015 -16775 46533 26534 12626 28472 9235 22031 13874 -39993 8875 -43980 11366 -55138 33216 -39090 -62622 12421 56438 -76987 -22845 -11477 -14587 -27071 19025 6863 -24011 30068 7917 -21704 -14989 9935 -30000 -15575 -32009 -9213 -33380 3735 18983 3166 6357 37409 1893 3542 22970 6488 20629 9388 -32596 -1241 16523 -3574 -27180 -32989 -10500 88 -570 -13252 -5617 -4648 36731 -5486 -9867 1876 31346 -18485 -20358 689 2 15294 -22191 20311 -19181 -23897 
-18426 -6074 -11488 743 26716 -55363 -2057 35121 52608 40933 18071 2023 11532 -30476 58326 24197 37018 11778 -41446 20088 -46582 -46522 -7275 12574 -11583 -23464 -19254 -26405 6717 -7032 -35179 46907 12302 5848 3288 34866 -6892 -42657 -44192 -32129 -8875 -695 -10294 -21346 -20951 -2056 -3075 -17240 -5665 2932 -45374 59997 -16734 23360 -37733 -22837 -39660 -24885 3465 -67778 -38643 14194 -60910 31927 2329 27878 -24144 -18477 22373 -4479 -27201 5510 -20003 25860 4380 4938 -668 -21514 30887 41834 -44793 22022 -4434 21700 40079 32446 -2086 -32102 -63312 -12149 
-8537 34694 55601 -36735 45765 20277 -51058 -2974 -45965 26387 63183 13495 2855 -164 -18567 -70618 -4893 -62315 17536 27288 28769 17732 4534 -20297 56764 29636 -23240 7185 33432 29932 18626 15730 66372 17636 14542 57758 11265 8539 -269 -24866 19272 -17536 -30685 -55749 26849 -3014 30650 -15051 -5585 24388 11283 54253 -30906 -4927 -10975 -37796 12054 -18222 -29477 -3498 -19009 2167 43494 -22688 21826 -802 -447 56776 -33939 2271 3861 -29744 96759 24203 -6695 29371 -7811 11043 34702 34055 16839 50304 257 10938 -29420 -34328 -11301 62307 -144 -21302 
17140 30264 -22857 -36672 17371 -31790 10289 -33431 23866 -30907 -41932 -38329 8445 -52920 59405 -41890 -8529 -38187 33713 34744 -49721 11058 33218 -1024 -26625 -15842 42119 -12978 6160 -14400 -31432 -8765 -18813 13096 5043 28845 16499 -49951 9506 30466 -8796 10563 18118 -23526 -5024 26231 -26623 -4069 15333 28513 -20295 47589 -22457 -36075 -2604 -57414 38809 -20785 -32926 -25537 32020 80227 71082 14076 -9869 38749 58720 2504 -18660 -50207 24653 -25618 -23240 -104870 8667 39256 24533 -20318 -26502 39400 68280 46193 -68084 720 -10968 24869 -12031 13216 -16364 -59931 
45924 -33818 2747 -17787 -21578 -10993 10262 -38116 8129 26065 27260 13867 60225 -15915 -2015 -24185 -45084 -11832 -2636 -19567 -15778 17114 2500 -44730 38858 -15208 28531 -16912 -36684 -17226 29184 32751 129 24012 -48021 14716 1193 -41977 -19223 -7250 25869 20502 -20716 -67945 26630 -52993 -5843 3108 36603 -9219 39611 -9361 27043 3729 4746 6609 -45983 24055 39855 57180 -14465 -23369 -20024 -3681 16218 7550 14282 -3438 -14557 -5456 -12105 43308 12869 30434 11225 24877 -16897 -999 -11128 -42334 29606 36266 -32422 -28081 20312 -18103 9531 21517 1973 9095 
-7045 -37661 -1785 18782 10878 -51924 -45672 48857 -2052 40458 12627 30544 94711 4623 12610 -8103 -5261 -46020 -3304 34131 16788 -10805 11803 -2855 -21613 -38900 -43248 -42110 38228 -42428 41640 -12575 -9165 11984 -26214 24917 10685 -25376 -32312 -52005 14221 -3260 33295 17656 22883 21837 -18593 26118 33536 -5314 -16766 54164 -8317 7076 -5142 36555 1685 -8703 21317 10228 -19507 -12337 6129 -1559 38940 58542 -19162 4161 -41372 51959 9931 26082 55309 -7615 -5581 -18436 4999 -45606 39897 -35822 -36376 23558 -50306 57439 -4508 813 -6858 26932 2982 -45064 
5248 -21665 21072 39097 -56459 39579 16836 -22633 12593 -15893 47506 23369 20652 -26053 -36527 -38516 -24399 -18677 -62036 50466 89821 18663 10878 -12908 51535 -27581 33092 -17468 3111 19161 5786 44295 -22292 8570 67020 17005 -18473 -37479 34868 -40744 -49018 65128 -49736 -66948 48165 -75156 22085 34437 36732 14438 41106 42241 22621 -46879 52126 29372 -28788 -2137 -6282 -25793 -27460 47005 42257 16112 5226 41351 19503 25948 17414 -26035 8037 48668 25559 54041 -35174 5272 -60372 -43250 -12547 14111 5817 -15609 -17853 -13144 9021 -24448 -9329 44762 32768 25287 
-65234 5801 -23150 13097 25199 -21899 29615 -567 8316 -42662 -16866 -16079 -350 10440 27139 51539 45382 8396 -8352 24757 -40057 -22248 -3287 -3019 -46200 -18687 -9011 -17920 32570 -33193 -19054 7574 -25526 -30240 49582 -30442 14746 24949 43709 -5820 16668 25867 9798 18454 -51472 25119 26629 10550 20329 10493 -73396 3990 -14007 6334 -17880 -107508 11064 3705 -17761 -6302 41039 53401 9825 59906 9834 42527 -42829 -45576 17753 -37978 -20160 -14880 -24869 -22885 -60473 24377 9967 28786 27917 56167 -48314 -3092 42558 7616 -18146 47422 -57519 -48243 19627 -15290 
61691 20559 -16464 12617 -2522 7194 27278 -11871 -8385 -12697 20824 -67340 -27312 -57885 -7560 -43639 18713 18447 -43611 1580 43324 32958 -54465 15784 3715 28952 28453 13885 -5382 56829 -28590 19148 42841 24591 5830 14857 24975 2699 -24142 -18755 -8465 11113 -52488 -74086 17754 -2770 20406 -13936 -17449 13774 -8199 28874 -28022 -18799 -19033 13431 -29717 -10400 14958 -32542 -49911 35321 -7553 60005 -98478 -24224 47069 -5160 -29061 59926 -26489 -12963 39054 25483 -732 38644 5246 -16055 1332 14018 12261 -4186 32113 24832 9358 66701 -823 -10903 -47771 -15580 
5154 -16983 -5829 4395 -56298 -2100 5414 12632 33194 25894 -10689 -6213 -50348 52151 -9471 35638 108166 85661 592 -59614 -46135 -49817 -9750 20136 -19123 -10939 42581 26720 60115 41506 -22002 -2204 30577 -11502 -10548 67897 -11045 -54875 -19801 17305 38286 40342 3233 -39550 -71599 -8170 -36486 3459 34419 83840 -11797 16099 18971 12290 25080 -14327 -70729 14485 12664 -34176 -43861 15277 -55082 63737 39074 8574 5743 -32814 2579 38403 3825 20129 15949 -45193 -15546 -22912 15276 5269 20367 6862 14457 -11991 -24349 51668 -42 -7901 -4712 -54102 -42555 -36819 
-30125 -13991 51699 -47269 -13992 18448 -27296 -49511 -25996 -4635 12674 26320 -1338 -23966 -23048 -39127 -37020 -37449 -11443 9046 -22025 21272 17510 -12210 38869 -23562 25934 -22110 -32944 7103 9507 -19429 -24075 31489 11349 38668 23168 33097 -34722 4062 562 516 -24700 -50913 1257 -33018 -39476 24470 3515 -21023 8837 38062 -5353 -26975 20282 27806 -19730 21543 -721 -14140 -25257 14945 -9091 -27064 -18201 -26535 -16829 3020 -52239 -18881 19853 16976 9200 49063 6973 -18577 -11892 -5144 6342 52414 30353 4365 -4774 22923 -7902 -25917 -51349 6066 26405 -31274 
-14487 -15279 -42896 -18249 -21285 10917 -10564 -35306 -6073 -44616 -37629 22446 18569 -4964 10358 16540 -2638 34793 -878 -19914 -29888 -16622 31711 -6542 -28226 -28231 -20754 -8031 23200 40770 20118 30799 13681 2858 -18328 -8574 -13689 46288 99082 27520 -957 25106 29156 6025 5846 12728 63159 3761 -11719 -9355 -1030 -37483 4415 -48945 -20814 19747 67850 -41450 8750 -6480 -1876 10770 -5410 58741 -46247 -60633 -11317 -38030 39022 -28767 -13007 8794 18495 -6695 -4178 -42756 -48646 -31175 -8800 1754 -12271 43925 18998 -737 -13896 20336 -22429 14350 14231 13714 
43874 -3561 -38633 -1741 56897 16863 -20277 38994 -948 21963 16382 28735 67925 5020 -37974 22926 25722 -10863 5537 14311 2934 -46503 24956 11592 20383 5740 -40635 -17535 12683 -37440 63373 4626 -36783 -13667 1690 8192 -40193 5449 35665 -42695 7812 -11323 34025 8351 -818 -26368 8218 32399 55012 8197 -6697 12571 -32976 -11459 -14121 -8200 1900 211 -45238 -11486 22418 12700 28935 10661 23103 5810 -36895 27133 -11953 18252 37531 73873 11778 -23564 -39279 -39351 17678 23777 -34955 33502 -46072 50920 -47156 5064 3791 -49049 23708 89393 11985 7623 
31765 -34747 53419 25440 41332 -561 47266 -33997 -27933 10235 24953 -11587 -75909 19223 -417 -3655 -163 54172 55134 -12106 -45540 -58251 -15599 42382 -7880 12537 25387 25547 -5317 29354 -43638 10460 40082 2867 38875 -19348 -12677 63246 -10629 -31247 6614 -9023 -4501 797 -17677 -27954 15023 -30100 17806 100362 -39061 -54751 -75081 -38225 63244 53655 19848 15968 50716 5744 -33879 -25053 -15834 -16676 -12658 -4590 -5941 21342 11269 43069 12312 3970 79560 18482 31970 -17095 66588 62460 -27290 -33785 37802 34373 -57647 -7962 53278 22835 -18431 -109 -45434 12050 
-48071 -58347 -29030 1025 -7093 -3884 6467 -21170 37753 -50831 -74860 -18944 19293 46089 11381 5304 -26097 36437 8577 19435 1453 38919 80588 -11873 -24075 -46259 8997 18114 10964 -41664 18365 21755 -42317 39417 34430 -40088 4484 -34192 11855 48582 -33682 48722 20995 35705 -50830 19837 -38720 11961 -3065 -27751 22087 -49814 42071 23856 17192 -26476 7262 -22780 -8612 -13717 18340 14097 -35678 -38302 2287 36786 -16083 -22878 1619 -43682 -29079 20168 -28000 -18799 -46434 -37762 -18659 -21240 -54773 51401 -29444 -60333 18955 -35008 -25436 -25360 -14659 -60920 50447 -16196 
26180 -34554 62185 -30100 -34684 26823 27676 39931 32448 -6759 -84962 7477 -33937 56443 -52512 -2361 12009 30785 58555 10127 -26520 29541 -8726 -15717 7410 -57102 -8969 77342 48076 61059 -26932 38548 22369 -11232 1406 49578 -8363 9912 33533 23868 -35703 -38610 -47473 -53998 -14117 -14921 -3414 10579 -75049 52453 35544 -40398 3869 35613 19643 -13236 27911 -46937 1465 30932 16994 1134 -25278 -5047 -24216 -44848 32366 -26688 5679 -70155 -8571 -64033 -11186 -12016 -10560 -15464 -30581 6242 -4828 56860 -2163 25144 -17683 13708 -82727 -59293 20459 10961 -13456 -34836 
46312 -42361 15435 -6773 12805 -10161 -60247 12822 36862 -13535 24549 47549 -54007 -49787 -2516 8493 18036 11119 23193 69986 -20635 -41370 26004 -1981 7370 22939 -25120 52817 42194 3341 -7578 -40884 -4724 26267 -32406 8418 -39250 14228 6425 12279 -18032 -13724 -19407 1173 -5637 56925 34665 -13295 63196 30986 -10510 32688 -20844 -10982 16626 -13044 21603 -47747 -77826 -45959 31829 39792 57675 5888 -21662 41906 -15246 36403 14284 26849 19533 10186 9157 -49979 -3745 28176 -14742 24745 13879 -56170 -11643 -872 -52469 -3466 -23964 58413 29415 1653 40737 -10730 
26703 -6524 10089 27030 -25911 11716 880 -27387 -17414 -13560 24389 17668 -63291 31888 24771 5798 -10352 42899 16150 7544 44078 -73236 8507 -21114 -24822 15352 25967 32254 43418 54918 -2880 37220 -25691 25234 7141 -47298 -50797 73366 60935 27840 -3342 19643 -6222 -24149 -21458 -22765 20 -54304 26864 81176 831 -27832 -61163 3719 -13536 759 12194 -63399 -27872 17752 23048 22335 1087 54202 -11734 6291 -16776 -7439 59985 9896 58371 7729 10000 -32040 -58548 5409 12565 55524 36426 -26671 -16390 -20369 38098 -59284 -4375 38061 -11223 -7069 -2887 46828 
-761 56738 -30186 -42686 -32939 14253 -24830 42194 -11560 -21635 -54021 -1039 18117 -3697 -17168 -57783 -16967 -19128 -25249 3417 105585 -6401 -8655 -4560 -44850 -2610 21942 -34576 24385 8269 68017 -29662 -5116 -12392 29655 36732 15983 25033 169 -16100 46685 -32822 35441 19932 21079 18334 -45442 45947 20856 -19869 57058 81859 -6099 -24038 -17513 -10569 41340 44853 -8885 -1200 -21389 21116 41204 -9257 21845 9745 -23388 46747 -23148 23084 -5422 10725 15573 -10893 -843 -27616 -7783 -60740 6223 -12849 539 8992 -7724 30035 -61100 -39479 -8211 83324 37484 -19178 
-35865 25497 -21063 -41365 -13531 -6878 15346 -2909 -5216 5007 -36176 18388 25189 10290 -13677 -1074 54784 -13330 30155 4944 -6042 -34095 -122084 14284 -17804 -38389 -17518 -52014 38617 10991 7240 -16764 -17566 -28642 3529 -24409 36497 25811 45106 -34072 6023 25032 66466 26346 26466 -9106 -21614 9323 -65275 6788 -3897 -9207 -57074 -84464 -1672 85495 -9672 -46186 23971 23981 -6652 -33654 61422 -44801 -34799 6938 30585 -18459 53899 35663 -50842 6246 10370 -12474 33866 -23429 -24521 155 14788 17243 80538 12960 -11330 -9637 34470 -3526 -36623 877 -26331 -17455 
36109 28245 -8441 49299 -11677 -6014 42034 688 24629 33782 23252 -6392 9721 -10269 17295 -4737 7059 2453 3527 -24365 21682 -23890 -20907 -3662 7071 -22835 5273 10559 22715 15444 -5556 2661 -28750 -16401 32700 8639 -13117 2240 -27619 7575 17870 -1420 -42849 4348 40246 4232 12011 7699 20354 34650 -4127 31959 4666 -12447 27429 14804 -24516 -16102 -16708 -10360 -10828 -13848 -25610 37814 -8328 -7254 -16495 4064 84645 16918 -37479 -13486 -3787 1531 23508 129 -3097 -36156 1040 13913 -17404 10475 -46945 -12153 47343 14789 22749 7188 5338 37232 
-5130 125 7578 -14241 -17920 4684 1203 -6610 -44882 26955 21468 -18384 -1138 1857 2639 11260 -52767 -28361 -22514 -47467 18593 -38028 21649 -36713 -796 -7821 -13689 -7178 46229 74304 -15457 5522 35924 16010 -1047 57153 20323 20977 6055 -10841 -3647 -22970 -6740 -51321 15265 -16821 -2979 -65071 18408 39441 -29820 9797 -5645 2319 45735 -31559 -37153 14402 -4292 15269 -47074 8663 9441 -5226 -11431 12889 -28012 -1078 26293 -7961 7347 -3863 47281 18363 -14534 -1464 -12445 3123 33538 37930 43726 13536 235 -17052 3050 2818 -42678 54422 -3764 -39630 
-10779 -19079 -3782 7411 -14096 14234 -18569 14797 -37647 33372 -24689 -53848 58841 -21876 -13557 20498 14723 -30323 -44698 -5476 9569 88918 3137 16324 31897 -14773 -75771 -27842 -33271 -58980 -9789 -25955 -12176 73582 31889 15654 26920 -44973 -39776 -38282 7021 -35850 8266 -966 30048 30501 -37030 -12159 46549 -57792 -1619 32157 39258 5739 3798 15829 -7814 28049 10548 10788 -23599 -57666 -5480 -12929 10971 6321 3576 26736 5290 327 -5599 11396 -6232 2503 -32252 40616 1266 -31542 -37470 -1887 -18196 -30066 23604 25762 -26116 -11924 -48587 -4584 10691 -29881 
-40062 47530 -36124 18381 2621 27975 8307 -27044 -2999 -39788 1557 24054 48933 -32134 -8282 -33553 -2099 -38259 -6338 7346 44624 18950 36387 -7225 42805 -37705 -4289 -63956 35703 -21664 11861 57311 -13991 12066 -49142 19526 41664 -33401 15893 -13116 25422 8005 -17644 477 42757 -34783 8812 51121 -13572 -21284 -333 -12614 15300 43663 51285 5859 -35719 -15630 43397 -28715 36370 10145 51879 -41944 48752 33781 8569 3122 -15415 5110 -56606 41620 -4103 -2842 -24003 16305 -46561 -59318 19664 -24069 23187 -47667 -415 -31276 46754 -78063 48109 59367 6884 1940 
