60
15155 -4860 -36991 -5885 -55 17236 21674 -16434 -12159 43793 -21058 -43465 22574 -20327 10038 11896 -16492 45288 13269 -24579 12078 24699 42683 24490 -26285 1277 33259 50438 17650 27546 -1929 48838 -14143 -13322 -28747 5908 13897 -13741 12103 3668 23638 1066 37978 11824 -48160 -22192 -16056 -10096 -31074 -34657 6505 41999 58849 -6737 -5422 -21912 -12570 2101 -6772 -29265 
29746 35410 41520 -48458 -28764 -4586 -52116 29399 7001 13129 -459 17578 -20659 -13368 -1393 -51739 6225 11280 11255 -37924 -3284 19544 -14331 -38602 -30945 -75989 -32417 -23288 -25088 2584 -30227 7221 6129 -60159 -15058 8685 21205 -26587 -45525 10150 7065 -32924 14279 -27120 -40972 -8293 49521 11686 -3296 -14936 -1195 -2017 18289 21732 48748 -48128 -26934 11693 -10244 7853 
12201 923 47811 31623 1025 -16874 -14398 13453 1170 1081 -23693 8395 -5007 -3088 15542 5776 88675 -14404 -44591 16267 -10029 -61258 27807 -39963 -34150 -13588 -7980 35163 -15647 26202 35762 -17123 -612 21530 -7149 -7531 -39921 -4466 -36102 -5518 -43179 36730 -4721 4870 10108 -15955 18784 -27470 36685 -4411 -12681 25588 -10076 -32452 -3167 9731 -61389 29719 30734 -562 
-41652 13884 -33841 28333 -11848 -44439 -10950 -321 62811 -2820 -20160 -31453 25360 -51954 -75955 14899 6038 -37369 -5901 35216 16252 11734 -8425 24892 12085 -13200 7686 -12905 40965 -38466 37815 -45763 -12808 -23956 2987 -18271 2949 -37525 -4694 24998 31500 69099 -2565 -6695 29671 -4021 18924 -21901 1690 -20863 -41350 42825 -23838 -32832 -14713 -33939 3250 -29224 -30793 10870 
38047 1994 -23051 -18487 56768 -38976 -13046 -40989 -61170 14966 -31221 -36225 -13129 17699 -10182 -2836 -14299 -2272 -39965 -23620 -66174 -12281 -24485 -7810 578 -5665 49603 34066 8168 -22971 -35381 -36028 -32939 3667 -31602 -14180 17152 22305 -3641 9472 -56833 6965 18727 10791 32728 32206 29439 -23313 32866 17485 -25035 -56002 -81405 -7617 19452 49676 22394 27314 19614 -2093 
-44107 -35172 -31547 33465 -26178 -10718 20597 14488 15178 -31943 30570 26293 -36286 10367 -27283 -22635 -1798 55330 19978 -13934 -20691 -11270 22561 30552 8465 -59 -14913 2050 -5833 -8018 59936 13520 16934 4395 42556 -20932 27260 -5298 -5800 -11763 -12513 30003 -32239 9906 -12043 3138 -45341 13490 -33583 34897 -22114 27869 -434 16821 -4156 12613 -1368 -63123 -33898 -16525 
21792 31215 20768 6687 33116 -12895 24364 42952 25856 30747 5684 3421 57561 728 -34690 14880 34771 -21963 -18976 11039 28343 8187 -15135 -317 31388 13818 33784 10852 19022 8241 8296 6809 -16213 -26425 37160 10151 -66151 3320 5090 -1820 -12107 39808 12730 1770 -15015 2280 35381 -1459 -37073 -37395 -36589 -3640 -45588 25310 44630 -8325 50325 16553 -10903 31636 
-19340 -15803 -4367 -16706 -3315 -42417 -33037 11539 4005 -5888 -28868 41348 -8573 581 4944 27767 380 35033 11468 26192 -6994 -28667 16196 33467 -1922 643 22612 -2005 30649 5017 -23556 9276 3371 -50935 18659 58166 30637 -41516 -42011 -7772 4944 12277 14335 26067 10553 16910 -6115 -54674 10038 -47580 -25604 -22919 -34044 -5418 -70362 -62934 12468 -16228 34605 14401 
2608 -45841 -37263 9813 20964 -16229 36071 -5063 -22183 14338 -19735 -10694 5601 -25688 12952 3074 -15124 16417 -2862 1755 -10302 7080 50442 -63239 -16982 -4240 15843 -25317 -21100 52424 -915 33292 -3320 2301 -3121 -23349 -27029 -31658 -48914 6104 -5998 19635 9371 22247 -21902 -13652 -36243 3001 14377 -14503 -50464 41103 2379 26924 -29527 -18891 -19656 7397 -10237 -2897 
43479 -4891 -27328 -16958 -4024 1228 -6987 -19993 -58115 5487 -35766 -417 27637 84594 10146 -637 11688 22585 -10732 5986 -31387 -30829 -35214 -71 15166 7684 58572 14888 -15849 5551 -74574 -44742 -21284 24741 -3730 5262 16736 81011 34173 -18064 -52430 9129 4564 19595 -12826 10724 -13570 10960 26726 50573 35053 -31495 -18080 -8835 -5643 -17641 31682 43865 38222 -27969 
5755 13246 -41839 32608 -651 30870 -16904 1461 9005 29710 17358 9213 4146 52310 2066 -8928 10879 59312 5805 -4514 -19432 -56639 33726 -2573 39371 35294 7628 -38798 -24536 -42024 1755 -63059 12951 50375 29736 13873 -44280 20052 14160 -21112 429 -8391 28681 -15010 -9166 14659 -8681 -26161 8407 19658 -26158 28057 -3574 31582 68142 -2695 -4979 -5680 -16843 724 
19441 10739 40223 12508 -35142 -24503 -12992 -6100 14651 23848 -10940 11970 -6092 7187 -12264 -17186 -18269 12792 -17816 -32796 -9408 -10636 -14389 -15915 72535 21222 -50097 -30828 5976 -18850 48682 -24327 -11236 19999 -37688 -8554 21069 20643 8131 39467 15180 21184 -6553 -21801 -26869 -20620 32656 -21652 -20219 13304 28475 19482 652 13719 1695 44671 11884 -13623 -21451 1369 
-2731 18008 19656 -8384 2151 -32840 -579 7568 -7534 352 14173 -47877 -41509 -27684 -15607 -25280 -13427 1157 -14697 7052 7194 -16435 -40589 38032 -4327 -2295 -36115 8404 55490 32 15053 37543 24842 -4287 13982 -27776 22737 -7086 3423 94 -17524 -4200 1804 -27165 23672 18503 17799 23107 -1126 48984 14048 -32657 4172 3967 -21046 33090 -18510 49467 64104 -27365 
31555 -12084 -3853 -7928 3217 13894 18559 -25565 -35607 11703 -28451 -44288 -12249 31347 -12429 -31947 -10385 -8820 -480 10111 -7782 11314 -20300 -11025 -52537 -20457 -919 44017 -31176 10062 -5547 -1167 15550 -21036 -35170 -315 29628 -16802 46643 19528 -13888 -19021 15233 -14173 22611 47362 32504 32000 6655 14520 17808 -20689 23445 7992 10167 11444 -22965 22790 25940 -51585 
12842 38915 -20420 -18172 17071 18944 -25992 -6006 -37615 -22730 -9293 -1180 10397 -33690 15240 23353 -6300 39901 31891 15873 -20085 22661 18165 19749 -8053 15333 16031 -11889 5453 1973 -63 -12013 -3311 5763 13895 9374 -14331 8568 7179 34547 18106 -32581 3646 42501 -13054 -59403 -14816 -46461 14821 -26335 -10735 -16225 -13036 1187 22363 259 -20112 -48305 186 25219 
-46763 13578 -24208 -3243 -21099 -50652 7793 -34564 -4626 -17801 55298 -51614 -16617 -41158 22545 5540 26352 17663 20160 17329 10923 14535 5794 8209 28089 -10522 -259 -37113 15106 427 51560 1619 2221 -27503 -1032 23173 56857 -13929 -22893 19838 -10956 -21485 12401 -11963 6 22859 28965 -37865 10696 13567 -22736 -7296 22035 -41062 -29702 -2024 -34902 -13725 28320 -13888 
-16231 65644 10323 -54192 5648 -15647 -17571 37137 11836 -10341 45837 -4490 -12847 -23664 16917 -13790 -39708 -33020 -18124 -59869 6688 -4855 -36623 16519 -6262 -12967 -11701 -50616 45185 -23995 12561 14075 8148 -21235 12441 -28824 8976 -17730 -30109 -17067 23604 -10953 10347 2131 9100 -40313 30112 -17959 -22440 -11478 -17918 -16323 -17331 -12100 18758 45431 33642 -22213 -36283 -3567 
-15450 -4040 -10817 -31885 50652 -48789 33722 9154 5700 1906 -7935 -11022 19496 34704 -33428 30556 42820 19079 -7876 10241 64081 -50653 39315 4019 -27312 -13646 55657 -44575 18630 16544 -3078 31101 19849 5200 -8396 -9812 724 13815 28074 7477 7727 35016 -1619 36110 14349 -77777 31822 -34978 22716 -16956 -10923 -11918 9731 -26037 12914 -19024 8833 9495 -267 -425 
-32476 4848 -19667 15848 -22938 11395 -15183 -8422 -1766 -10323 29427 -6511 17207 -26236 -42109 -16498 -51641 -11209 5614 -2754 30770 22738 -20345 2643 16293 51580 16778 -51730 -10842 -39765 15912 -25516 -188 518 23075 -22014 46971 25713 11777 1374 -10584 -5418 3548 -46447 9843 11551 39092 41680 -6514 -13140 9928 24057 -29962 11642 26483 -22920 9863 -6832 -43318 21019 
-3440 29884 33350 27922 -49697 -12753 50697 5731 44718 -870 -19294 -11276 18134 1345 -9564 -12635 -13848 -73011 15078 -20603 -2760 -12213 -29103 -25311 -39254 3008 5901 -8342 10870 3321 -26560 28512 44893 -49058 22236 9784 11011 -13951 -8809 23879 16094 17298 26204 -1700 33229 -9724 3358 56279 -57849 -25224 -21721 1384 6709 -28729 3091 14202 15342 9800 -54362 -31181 
-2722 18113 -4122 -41632 7397 25748 -8343 40465 -15396 4356 18637 18773 -20363 -11854 45566 -22863 -36955 22998 60245 -6871 19668 56927 -27079 15492 12046 20468 -5997 -26461 24415 -6759 -50549 15812 -5351 -23496 11818 36542 21714 -34722 -33714 44712 -15243 -46788 28283 -8822 -18740 27622 -18682 6755 -7586 -9501 31146 -9014 -10546 -12894 -29011 -12198 2860 11595 49309 858 
-8176 -10687 66893 32205 -24090 -5177 1764 14289 23687 37384 14166 13793 -26098 -10445 -11842 2325 -17317 -437 5002 -73533 25999 -46676 36428 -39198 -56908 -4558 -9930 -5222 -19129 4744 16421 12612 65950 -31263 15049 -24367 -50688 -10820 -6847 41631 58848 20110 15767 15256 -53849 -35491 25726 4939 -48326 -19379 8886 -1436 7419 33888 15195 -8212 33974 -2334 7724 -22300 
22264 -9290 -11109 4125 22858 11725 -12102 35784 63247 -5277 7008 -28658 17979 -8 -53319 -3348 21079 26221 5290 23051 37125 -8468 9981 -10873 -19135 23164 3251 -6984 31686 30008 16401 54220 39091 -23292 -2957 -6666 2155 -64736 37391 -26320 -10396 23457 -15031 -57122 25792 17811 -43392 -13806 18488 14063 29239 30270 34701 -26004 -38543 1309 -30334 55193 18744 6036 
-1319 3793 -19266 2928 8480 40244 -4765 -38478 26530 1706 33799 -2322 34276 -41962 52279 -17274 -31746 -72778 -19381 -35895 -11725 -36504 -62385 37489 -3350 43452 -36722 29015 21482 -45167 16359 750 -30860 27880 8976 -16102 -17009 19544 2458 -10437 -15380 -13599 31399 -2254 20804 23926 6944 16501 -16868 -16639 4126 17440 25183 8053 -2855 26819 31385 1671 -31823 14443 
22825 5652 -2025 -4362 19001 -3938 3261 -36421 -8760 27408 -22782 -14766 -27245 1605 -16706 52541 -46357 -5285 -6574 -49022 -33825 -34103 26722 -10764 -38987 15129 23027 35094 -10195 9163 12902 15839 -3609 -4304 -20810 -8494 51907 10883 -8183 -38983 27369 834 8792 32283 11741 9148 7238 -5324 -14652 -27499 -20284 18742 -15558 -252 -8262 15173 43046 -18381 8291 -19175 
29746 35410 41520 -48458 -28764 -4586 -52116 29399 7001 13129 -459 17578 -20659 -13368 -1393 -51739 6225 11280 11255 -37924 -3284 19544 -14331 -38602 -30945 -75989 -32417 -23288 -25088 2584 -30227 7221 6129 -60159 -15058 8685 21205 -26587 -45525 10150 7065 -32924 14279 -27120 -40972 -8293 49521 11686 -3296 -14936 -1195 -2017 18289 21732 48748 -48128 -26934 11693 -10244 7853 
-23037 -24053 39487 37705 115 -39418 8153 5359 11287 -30850 -27780 21891 26400 -7570 -14482 38908 71633 -30144 -64745 9912 13054 -45127 36374 -36044 -26831 -5687 -7983 16724 -509 10109 53718 -8295 -18642 -421 -19246 -4544 -43069 -18219 -17994 9656 -23580 29647 -20977 -9078 -281 -51387 27169 -24605 29484 -29308 2574 24951 -34341 -15206 -8763 17223 -35577 -2527 -9272 -3757 
34251 12408 3548 12962 -13958 36639 14437 16960 13440 7558 -37467 -4873 43920 -35687 9293 -28592 -14568 -23131 -18331 -26693 17533 15170 -2763 -23529 -33802 2090 26272 -26136 -5236 -13394 -14163 -73523 -13897 35520 -64115 47854 -27296 -19728 31973 -1081 1557 -10527 -33084 -22369 -6008 -47075 -8909 -16030 13297 -38663 20854 47946 -47363 -30507 5855 25478 -23571 -34104 -4937 27550 
-21028 61524 -15800 -10748 5559 15417 17592 46611 6575 10637 27482 -11826 -13440 -12480 6420 27269 -28430 -72549 -31129 3313 -27736 -1033 7222 -40244 -18002 -20827 5550 -32773 7458 -15588 -11391 -40812 34600 4204 -23821 -38136 -17713 -8566 -24776 -26488 -8307 -12552 -25221 80 35709 9933 -22527 -10579 14518 -49757 -76104 -132 -27126 3471 -1427 5462 -2091 -16564 4352 -21424 
30718 -44437 -6346 21537 -2992 -18789 -850 -48370 -4611 -20938 -16934 13431 22054 -6685 26219 17057 17761 -11699 9922 -12283 14573 15158 -32446 12510 45995 48041 -2212 2806 -18283 -38240 12873 -48517 -50428 8130 14488 60349 12339 -5342 -6385 62710 -64604 22322 10298 -18580 -15743 61859 10945 -11868 36628 -16685 14597 21339 -25428 -41959 -3317 14358 5106 22070 30851 -7016 
-31364 24818 -491 7921 -19962 51154 9857 18248 38843 -5315 -6428 16098 17358 -14128 -31533 -4629 5997 2575 19339 22906 -12192 13934 -11425 -9849 -2861 14884 -4155 -8829 19047 -2610 15865 -11335 19630 16067 -45647 -3862 33482 -5993 29348 5247 32140 -14187 -19298 12974 19065 552 -2930 19221 -11910 3074 53229 50752 -90 -11178 -24517 30059 -51539 -29715 10542 -12335 
29963 27564 -6979 -21264 12169 -16665 40471 -24641 -50376 6548 -24868 -40421 5188 -36938 38844 -76633 -24139 -80169 -21245 -7971 5545 -4117 -30243 -14431 -11760 -23698 -24854 -13780 42961 3257 -60907 29160 -43766 15619 -61722 -3386 -18685 18753 11650 36971 -830 9735 -2628 11806 -9650 -48143 13136 5634 -22445 -49054 -25563 -38134 32345 6613 24978 40987 32235 15580 8012 -1055 
-30872 31509 7218 -7989 6028 5388 -31354 2879 -8183 -23775 25130 53512 -8022 -16941 11920 -52489 1484 16117 -28919 -19594 -27283 7819 -880 23174 -43617 -39565 -12228 8598 18389 13611 -11548 -2077 2989 -6242 -43053 1660 -7914 -4408 -30991 -27032 -17492 27147 -14637 -12967 -10917 -3150 -13443 4511 -46173 -40615 17412 11773 -9529 12493 17586 -6091 -1710 2799 -7388 -5273 
47615 6074 -10835 1859 30774 -24856 -5251 2368 -16387 54671 5039 -41730 -4201 34051 -12226 -7568 24919 31600 -21530 14386 -25374 -21950 6463 -50755 -7774 -14475 -11591 20205 -3956 48491 10441 36975 -36049 31894 -11555 -40153 -24924 -27340 -34760 8779 -17445 -10115 17829 -13106 -33548 -10215 26546 -16505 3204 158 26323 36067 -12394 -2327 -11738 8792 -11632 43467 -18936 23950 
-21998 9718 -33027 -9050 -10430 28250 48078 19584 -39834 -16688 26013 -5569 13293 9416 55066 12426 -1400 -15676 13225 22519 60234 -41483 13431 53899 -31671 30697 25932 13357 -31673 19556 65605 15415 16315 5466 27283 4121 30201 -651 27583 -15061 51565 -20006 -326 14319 40021 -18354 -1047 -5022 -10232 9070 -6531 6068 20904 -3915 -52049 1994 -10797 -28889 9159 -7366 
-10798 -48241 68474 55419 -45347 -706 -7917 7513 44075 -12712 -31173 40864 -1742 -17409 -17944 12468 44082 -12268 -19630 15204 -6271 3265 20983 -42329 -9451 -11496 -6642 5645 34367 -2662 7537 -4911 -9338 -8446 24021 25587 -23738 17586 6493 -6110 -8253 5002 -8956 -11338 -53113 -32620 -30841 -12461 -17018 6223 6702 -11140 1633 -26834 8755 -7567 -26128 -14431 26599 30533 
-6988 -3918 -17363 -3186 -33517 4827 -10771 -42663 -1031 -50294 -20510 -28832 32347 13603 3782 -11276 -6088 -13979 -19313 11219 -24530 26995 -37145 -5901 -14004 -66447 -4927 -5025 17822 30707 -42632 -5225 -15906 37355 -6025 11723 -5812 12886 -2580 -26611 -24815 -17259 464 -12257 -30457 -24520 -17434 25087 -8159 24458 8402 4099 11148 -22464 9571 -5901 -10522 -125 4925 -14372 
28024 -22277 -324 30982 -39931 18313 -21060 -20161 -11560 23906 11103 1038 23128 10657 41514 2209 -43036 -3576 -17218 -40892 -43253 -13478 -152 -46193 52240 20833 -36891 -17763 -7588 -26827 15254 -53837 -15613 -10492 -35987 990 -1921 -10388 -12239 -12146 14857 -43750 39244 7466 -978 -684 13544 -11593 2430 -11045 -10867 25783 23520 16515 23549 -10959 29747 12382 -24390 -9287 
7148 -4462 -194 4130 -34834 -13910 -8774 -40354 20333 -9283 2105 63631 56613 -47844 10523 -69134 -24930 -13966 40485 -31137 5030 43626 -46400 35163 2235 -13462 -38628 1156 -11903 -38900 28689 21070 -30849 1721 2165 59739 21731 -55891 -22164 15372 10734 3269 29725 6177 28074 11481 77536 14826 -19340 9645 16502 45643 -1318 8662 -18950 -34342 -8827 -66532 -41319 54 
-10959 18 -22004 6007 10816 20181 -44310 -65400 49387 20044 -19548 26614 22983 12711 -48346 -6959 -3005 -1452 2512 -1633 12090 8938 15931 47025 -5682 19568 19447 44174 -17728 -5313 -5447 7230 -50 549 -1812 49491 30340 -18655 -17321 19930 34154 38475 15294 -26978 5689 35903 -17835 -9541 7832 -21096 17416 27301 26375 -17507 -18881 -14369 31152 -7995 -18590 14845 
-43029 -31215 33964 30344 -1136 -4010 -32797 3897 -22886 6401 -5123 72769 -34345 11695 28845 -18782 -14725 38624 -18624 -54656 29414 -56817 22610 40119 -5714 12114 -27870 32208 -19811 -25466 39926 -19020 6926 -4328 6661 28906 -26623 15339 17959 27577 18927 -9302 23109 55246 10265 6929 19836 4814 -9398 3039 40605 3389 -19268 48756 -12585 -5906 13720 -41248 38703 -26588 
39535 -9215 17393 -46288 -12854 -29993 8445 -22097 43169 -1116 -18463 16136 28334 -15362 -1197 64328 -25542 19579 -16132 -16829 -24215 -19841 3041 -17043 -52515 -12548 -39644 -38600 -20660 -5972 16831 21166 61114 2757 -26315 -22136 -12320 -34409 24610 -16211 24529 23891 -5218 -14509 -13538 -2461 -18667 11570 1723 34778 35281 43816 48970 32317 -43702 -19299 -44978 981 -6817 -60529 
22013 9137 -42781 -34310 13742 34342 14452 -33689 -15802 5406 -13354 -27578 2665 8628 34920 -16826 -7444 -12603 51339 20056 -23253 38984 -47207 29015 21750 15365 26629 70130 12949 16709 -36161 -12373 -5888 44974 -6837 -4301 9618 31030 21249 36516 -42922 14913 46489 35246 7099 43374 -7463 -25498 29342 -4105 6197 -30608 8120 -31171 -13982 18547 27781 32198 33457 9812 
-52150 -26372 4513 16835 -16978 -29729 33301 -11609 -27400 -9131 -5928 -12133 2177 -5050 46971 -2516 6134 -58765 -14559 -34564 25834 -3468 -15106 -19556 -5391 -28768 -43442 12771 945 -23266 7772 13694 -14574 -19237 10035 -9465 -2376 7866 -19397 7026 -18727 24798 -3918 34686 4453 2884 -1322 28031 23327 -16644 1308 -2478 -153 -3211 -17400 -19810 15128 9103 11943 -36735 
-54687 17464 34317 -592 -31841 34642 -43205 52679 -4646 -7015 -7689 56025 -28185 16963 -50606 33384 -21969 48037 23928 -80 17606 27948 -11856 65004 12229 -10697 8099 267 44812 -688 53222 7344 -3249 9203 72832 4838 -9472 -28148 5161 -34133 24481 9998 4163 -16289 -7687 -13224 -6025 -2549 -47899 22090 47237 4349 -22865 4896 -20591 -16984 21197 -62851 4397 2097 
33326 -21503 28289 19198 -17128 -21868 58052 -29666 439 -16226 -79638 13436 46407 -7834 -11150 21987 57456 -15344 32271 43486 1276 33537 25855 -32992 6637 9108 -1205 17381 -17518 21053 -17038 7598 -12859 42055 -58091 29155 -9110 47290 44062 30387 -10986 14406 -44309 10793 -34289 -23254 -4224 33466 11448 694 12297 -11150 35452 -41158 35303 1600 -45357 35015 31743 -5813 
62719 37265 -20281 4515 7304 16115 10688 -20154 6400 16766 10920 11583 39939 19633 12940 24995 452 -39159 14111 -12515 -27388 -21749 -14877 13597 49707 64692 18263 46331 -32954 -10177 20177 2976 -22299 56207 82530 16727 7965 -7357 -13492 -1356 19595 14375 11737 -6828 -25451 33940 19847 -29293 -15842 10085 -31979 -4748 -16858 12288 18429 16726 49943 -8825 20360 -13211 
373 -7089 34685 20751 -564 -34176 13734 4773 -12054 -27303 43417 24790 -52534 -10117 -7310 15951 33676 17753 -23143 -44954 -26901 -13846 -22395 20448 -1084 -26113 -36895 -36067 25101 -28921 47794 -35229 -13309 28483 19532 -11568 -46418 27607 10816 -31716 -50635 27460 -20817 27142 -17535 -17420 11352 -10571 27304 28409 -3723 2562 -56636 -19987 46263 28263 15132 -34775 -8537 -28689 
47727 34922 58377 -40818 -5128 -9969 -43203 13693 -35010 54079 -23433 -18103 39701 49582 9632 52939 14269 1637 -31300 -46955 -4396 -52098 -24176 -46872 -38643 -10073 -18385 -15876 5456 10691 -52935 -24074 18281 -6553 15107 -12354 -1697 8057 -15481 -8225 7963 1645 36348 -10219 -39715 -44823 -20666 -3974 1507 8264 48904 18809 -16104 47406 -17273 -6612 21985 -4397 -17713 -12130 
-14207 28814 34912 4333 1971 17754 -1137 48827 -5878 -25977 67566 7225 16905 -8410 26085 -66623 59088 -18681 -10977 -27167 29543 4732 -34995 15674 -21953 -1826 8909 6250 -12227 12576 14495 42630 18278 -15263 16896 3233 -26289 -18488 14309 13016 15 -28831 5047 4164 18040 -6870 38353 16374 -34158 36686 3364 -11083 38134 -22251 -976 35341 11316 -9593 1688 -17916 
-4898 3133 -15030 -9500 -6100 52094 -4800 -11770 6055 -9021 12824 20949 53654 -34015 51486 22286 25498 -65455 -4095 -47663 -5130 -22435 -28103 -18541 38059 24263 -2666 33014 -36303 1123 2660 -59833 -23409 20084 38699 28102 5513 7597 -26114 10824 -4140 -21068 18454 41381 -13825 28576 18210 28182 -11809 8838 -22572 57458 -6213 22584 20672 -7288 -3359 -3719 26486 -442 
22254 9145 14266 -9984 -10890 36472 41 47038 -19911 44899 -44248 -13391 -8481 37785 -22740 1757 -34526 34338 22773 23322 -18720 21795 18315 -29847 1949 -13255 -9742 -12614 27346 26621 -22567 12063 26325 25436 3198 -44523 -39473 -14878 19594 -11371 39794 20046 -17187 -17996 11631 -16215 -55001 -11113 -13389 -26928 38445 -16344 240 36238 -15236 15290 -5453 5513 -32920 33365 
-11226 63485 -5733 -21818 -9289 31103 -7739 63881 41841 -13274 -6053 21250 -17874 30154 -30401 39950 -8565 -13149 -14946 13785 -18666 -38995 4330 36009 39183 14987 41521 4282 54569 -17829 -9406 -62628 20271 20113 39125 -6294 5496 19436 10896 -38152 4790 -23696 -9292 -509 37853 -41970 11169 -25855 -9723 -25297 -9672 -8200 -26482 25292 40736 -3139 55877 -25833 -24262 19711 
20581 -20004 7954 -19499 4281 29282 3046 19223 -5528 682 22071 13618 27834 14485 60388 -45750 -21137 7948 63727 -47328 3945 21410 -36106 14668 17799 39580 2277 16464 -53984 33116 -12482 3353 23057 15463 43335 -27576 -23208 30203 -12717 53957 14305 -23279 -15949 42322 -17961 42388 34606 38303 -35583 994 46436 -18421 -16566 17138 6404 9067 23331 21844 -8142 -6216 
38540 -26423 19266 8304 -44461 26331 6111 10583 13760 -20291 -32885 52617 29502 -3529 11397 -18810 40094 5235 10314 -50502 -3103 -17812 -15939 -25736 37311 13524 -23988 1008 -14809 8057 29330 -69888 -33261 6966 -34879 16146 -18130 -20208 20605 -6099 8528 23885 -21078 15896 437 -32644 19675 -21374 2749 -4851 14552 59683 -11760 6608 31705 20667 -28443 -41609 -29076 -16415 
-4008 -36647 22736 9942 -4514 22542 -29398 -16422 13077 16139 -11114 8539 -34025 23113 -354 -4355 -35495 27472 -7916 -63266 -34569 -37734 -34251 -1078 33708 9460 -8005 -25328 57129 -13035 29052 -30090 756 20682 3971 -41924 -13986 21765 12784 -5708 -40986 30462 18504 30350 -4269 12183 -7858 -29236 -20288 37223 21656 16571 -21206 2884 22213 51446 16135 -3506 28300 -38766 
27375 -48665 -8688 -804 9807 28682 -5919 5971 24139 -49976 -26003 17526 39200 -10908 -27001 -6463 -25373 -16317 -20483 6076 -21311 19918 -15290 -25804 -369 -23605 -7405 -1167 33520 65465 -21416 11626 -13756 16458 4635 -40927 -14182 -16167 -6057 16507 -64103 -2711 -15176 4088 -6984 -17597 -15569 18314 -12053 -24973 -17360 13088 -32675 3146 7526 4583 -22968 17406 -30788 34827 
-27706 -28594 22908 -8873 -23023 -7125 5026 -32652 24042 -48127 -19439 38596 4030 -21823 17912 16735 4787 2098 22511 -48651 9804 18869 -14558 11804 -12825 -18171 -30094 -18892 10788 2760 15257 35913 -4350 -51088 -7402 3854 -12205 -17144 -21429 -20836 -15130 13106 -28218 18084 -10880 -27075 479 -9594 -29536 16659 -832 14994 24147 -7610 32943 5055 -17254 -26722 1713 -54934 
17855 -63010 24457 9918 26371 -224 2384 18812 8779 46502 -22548 12762 63041 -14058 20426 -7397 43429 -3080 -6309 -13983 14491 -2638 18716 -26029 16232 22578 -11507 41116 9844 20423 2402 -3195 -873 5365 -33067 -1368 -13196 -16425 -39592 -23243 6197 22668 24813 28026 7391 3205 -11712 1315 31078 -9843 10617 42458 9739 -720 -53811 -31471 -18952 26472 -7546 17239 
4785 25961 -23902 -9425 15175 10153 -24945 8277 28678 18200 26153 -9657 -1397 33573 15370 30973 -13201 17360 15595 20514 -50279 -13710 35439 5866 51062 75568 24188 53006 -8830 -12247 -12118 -45150 -6486 42617 45505 25385 22135 4387 -24227 22923 40203 -11110 40933 -2593 7019 15452 5781 -68396 -21199 -32113 -6376 -14716 -27468 510 -16383 15959 26521 -34980 -69 37985 
