80
-36976 22974 -2080 48068 -99590 -362 21588 -5321 38444 32097 -76750 -32050 -1730 -24144 33303 -26608 20233 40786 7256 -24318 51177 18617 3796 18359 -4145 -11107 -17036 -1871 -24805 -764 -17335 -29879 26290 -21451 -18086 -21065 -20587 -11276 4962 2408 54500 5581 -36933 -46435 -19964 71724 10823 19119 1028 14075 -16279 -16598 10896 -16738 36658 -54787 -52500 -24691 -63969 -14342 -55668 16318 -32864 18699 25566 54637 -18866 -9818 -8961 -24141 29422 49259 -25096 11841 -45440 -37752 -5742 -3696 45574 -37772 
-506 7160 12498 -32432 44925 -21387 -32698 78756 -27339 -51425 14325 2530 -14833 46757 26798 44970 13262 -18699 21424 28238 8420 -46327 29160 23201 -32819 -908 2451 3366 -23929 -13431 -11220 -16307 -34065 -66371 27093 3927 35407 14367 -6029 19948 19633 43312 -38107 646 7153 4561 25245 -68938 40711 -3286 -75 -52486 -12326 -15321 -18282 45079 51802 3381 26108 -22123 35173 -60452 -29143 6747 -30646 1452 -54518 -41562 -3719 -13176 44000 8087 35435 -2452 -4886 -18121 -3142 -1201 -20023 -5898 
18699 42262 -19408 -18899 -11398 -20549 -12733 37934 -30315 -22982 45834 -12995 27765 6903 -2918 34510 1116 52284 6490 -63561 -30604 2297 46215 -8702 -75399 -2554 -38660 22226 15283 12154 -15004 -9085 2053 -25786 38493 -333 57861 -13259 -4756 18940 19081 31480 28205 -17655 -34598 -27823 -11001 11178 10891 61648 -22696 30073 -4053 -8367 4480 38584 43188 3287 -192 -6385 -48206 18635 -8953 -44572 -28928 -24743 16960 -16507 14312 -960 -17616 61947 63227 19844 36186 -48468 -42188 601 -44749 26382 
19440 24880 6238 61959 -23584 25814 -4895 -5002 1482 17996 -10069 -2875 -810 13263 -29955 -11917 19641 -35830 -15245 3566 -8129 7331 -20121 -53387 25840 -13041 20761 18215 -17821 5627 -14829 6456 9342 14543 22835 16368 7494 25727 22216 5622 -35489 -42986 67822 40929 -3278 -36943 23164 -32853 -4814 16846 37146 55334 -22442 10622 -20612 7207 13265 -335 60315 -44103 56478 13629 39769 48012 -5964 -82399 53744 -5418 -11568 30101 -29263 -50998 -14439 -28367 -22971 26357 6062 -35477 12513 -57812 
-31200 2941 -90 26830 17010 -59139 5476 22156 30611 -2869 24632 -3968 7998 47406 20684 7564 2679 17085 15660 61341 23503 -1739 4109 -27894 -61064 15020 32966 39919 -21852 -7494 31817 -8260 550 -22659 -19338 5321 12312 -57111 -9107 -38476 40915 -25016 -37671 -6805 28088 45847 20383 8559 48432 7485 -40965 -33129 26135 9480 -15173 -6443 23303 -1241 -34308 -41375 26689 10842 -12342 -58938 18740 17130 14970 46828 -4412 40886 -18211 23405 55032 86572 8392 -65633 8508 -17325 -27129 34254 
8663 39538 24334 -40550 -39720 302 30021 -20291 3591 19263 -47863 26205 -15491 -12207 -33843 19176 34324 -2065 -20053 3387 -17705 16787 -17061 15960 -4132 29830 -8335 -8851 43000 -18498 -31594 4882 -66821 -14173 4667 -39171 62249 16766 -890 18999 -21013 -30811 -34400 37481 -5693 -6049 -39622 4858 8552 33998 24220 33028 -14863 -11356 -11196 2329 -21108 -11227 1818 -41706 -14398 37812 -49247 -28250 -36757 -33249 19950 -5263 16735 -25817 63835 26969 14120 30682 -4015 20477 -8337 -49557 11711 -43908 
-3780 50872 9083 1869 20455 41845 -13385 18379 31148 -16933 -20756 -14469 3447 -52228 -18505 -42437 -43225 -11159 -45076 35540 -3425 18453 -31926 37598 -53369 38346 27363 61550 -34399 11785 -2618 43319 5056 30191 27150 -14720 -5912 -53220 -4103 -21724 14524 -25287 53806 -32168 55118 -30098 9194 -51073 14771 3059 -14791 -21545 14409 10749 3336 46511 9124 46134 -21159 -8247 37418 6656 25273 -64599 -16623 -21569 28148 31349 7864 26480 -38625 -45914 9317 18736 5517 2649 4271 -18579 84300 -46326 
-21632 5470 -28399 20082 7231 15512 9011 30810 18611 27798 -17370 -7199 18826 10870 5527 61471 9939 -26184 -26881 -863 2702 -20852 -15428 -7330 29633 7968 22462 15445 11434 -1627 14014 23145 13487 25191 1884 35076 -65662 1939 -3507 -14350 4505 -21504 31424 9210 -10458 -21484 60329 -6974 31124 33723 -2402 -9729 4428 1782 11731 15948 -1844 -4096 -30803 -7634 13985 -5357 -19290 26134 25734 -11100 8006 -23231 -26365 25963 -25160 54787 -15562 19596 2278 -30253 -11057 -12348 43326 -31897 
-36349 -23322 -40408 -86972 81369 -14895 34375 -1507 -25114 -48655 6390 -21136 -55121 27903 -38316 64983 -72664 9032 -5957 10078 66776 18488 -57762 -11905 -7824 -25177 220 -18978 31006 23077 47485 -33667 -10702 -18702 12135 -13941 31961 14744 4498 -1713 -22971 40955 10848 13473 33877 -10740 39228 18665 18559 -11978 -59927 -4129 5610 -17961 33628 -1441 -1713 38053 11071 36591 -6962 27894 -8563 -53007 2598 7210 53508 9015 -13458 -30667 -33404 11755 -251 11393 8546 54020 85993 1828 -714 9393 
-451 -17189 24214 49064 51184 62469 19427 -22088 27667 -16280 -53005 27045 18547 21791 27136 -18853 -11626 -4901 -12820 39643 -7572 -29050 -14898 -15684 2481 26679 -21292 -52897 8234 9942 26028 35683 14479 64931 -9639 -62918 -55871 19152 10609 17133 -13403 6299 -78374 10576 16908 56482 -16016 -7931 -20788 -68602 -33202 -34109 5106 5592 26171 44209 31329 24769 58883 -1194 25898 -46383 86112 -2203 13259 16052 -7767 -53517 23422 20224 -19304 -6585 -11482 -68063 20464 9460 16096 44748 -46640 -35055 
23305 32235 -19054 -20300 6166 -4334 -6153 3464 -27319 -35940 26811 -31450 823 21411 -14301 36992 -9383 4914 -13451 -2032 71650 -4920 25537 -61730 26529 -49672 -6793 -29717 -5603 -7527 17419 -6734 -3625 -30826 -28300 19215 -15143 -9881 -39245 61227 14962 3668 6237 8749 -22119 6165 -3491 -44849 -2158 -30925 -18425 33223 -9453 2996 -11177 28529 -7439 -16132 -12532 -24005 43244 -29125 10136 2304 -12773 25149 -37225 -25255 -12386 8012 72266 -42808 28091 -27172 -12803 16018 -66373 16419 -40984 -10694 
-73976 -19915 21549 31761 -34446 -31181 -5101 -31880 25259 46942 -6210 33262 -22904 -4045 -21701 -24432 -1931 -10779 25132 -25932 -38562 6535 22835 -16872 3707 30068 -6735 -50963 202 -20453 7410 17103 -379 20134 22580 -10150 -15986 13405 -11950 -36766 24571 -6213 -38873 -4975 -47744 29557 6653 -1333 38870 -24112 -1745 -5649 -2095 -36868 46827 14323 877 -12494 -13361 -4566 -25468 11295 -7412 33736 -13854 1044 1375 23428 40477 26996 -1884 -13803 25689 13808 24271 -44425 -12315 -44069 -54654 17482 
21538 25599 -3933 3975 -25376 -96255 22 104 -18458 14253 -80023 -34227 23944 -33795 20770 39434 30637 22161 52321 -15856 -17656 5667 -15185 51214 29648 -201 58016 -41282 26126 -40556 25083 -36802 5025 -30879 -15769 35383 -10589 5950 -41424 14612 23073 58955 -65139 -3491 17993 -64 -19257 -17675 -15216 -31492 16465 -31676 -25923 -21701 -12695 2767 -67793 17335 -91186 30603 -36 -20162 -68689 22635 6164 25915 -45187 -9141 -2840 2866 520 -21306 -4464 -27797 -19635 -9724 13331 69099 51845 3469 
-24054 44766 -10399 8268 11355 -21854 40488 -18521 -9215 75658 -27254 -3854 1650 -21348 -51519 -17034 -37592 -5071 -1176 -38572 -30425 7114 -20333 39083 70267 285 7191 9998 55367 22619 29573 -593 -10651 24488 -52754 39975 -36691 -38282 42248 3661 -23728 -6878 518 -16040 -19957 -38071 -28416 14454 40667 1371 37148 -13806 3237 7576 -8399 50428 -29332 -16530 45187 17627 41598 51560 20917 -3717 -37410 -1963 37856 47937 13241 42454 -27245 16021 -7278 -5300 -518 3773 6759 -38094 31191 -22903 
-40741 22411 -31879 -25817 13216 39681 20114 -4469 -14925 18480 -12808 16784 -15192 9198 -20511 28312 -29112 -25739 -33001 31400 20834 49170 12534 -26614 27432 -32122 3329 -22045 27330 -44130 -9598 -5328 20396 50884 -34135 19937 -12233 25452 -48223 8135 -43455 13631 -17289 23985 22414 60141 12499 -47132 24854 -3088 -25171 10236 -7288 10094 37192 -14278 -45495 -1314 -9649 31885 10136 -351 2964 24211 -57333 52581 -10067 -6372 -9299 25350 38647 39113 -17880 24471 -34326 28011 -7547 28694 31179 3936 
-11880 -41701 -17722 -40908 -4176 -11386 -17366 -35262 2870 -5675 -61533 63401 35050 -32083 22445 -48660 -29570 7303 17319 7276 61987 50033 -28704 27403 9381 21571 39179 -1941 -21347 17930 -30586 2641 -29390 -37585 12094 -46390 -33033 12005 27584 -19726 27290 -23813 -4340 -7247 75916 -5152 -763 27305 15227 -20668 31224 3597 37850 11950 -25353 -1610 -70228 3294 6401 3774 -34582 333 10616 -2344 -12204 -25751 -49393 19287 -6692 -25363 59612 7615 -39488 28817 -58337 -7251 -45230 -37722 64857 21324 
9488 41476 -18238 6985 -38680 -39239 33672 3363 -6803 24944 -65366 -39044 -1124 -4358 3445 32926 -37412 49684 -12648 -60959 -5480 33081 4161 70476 10714 -13841 6236 -30190 -28138 48191 -21230 -16170 -786 -62511 -8879 1395 -30428 35116 29455 -36409 61613 -2379 -3485 -24409 30787 29812 -8987 -9599 36658 3769 -7777 -17308 44575 -37580 42564 -26642 -71208 -19838 -26588 50636 -21148 -10500 -4827 48029 6391 40288 246 4945 -42299 -16247 17484 5436 -30893 -5258 -16595 29735 -1472 22248 45789 4325 
-40800 34704 -25958 29576 -66916 -7379 24261 -1542 -13986 -1551 -2929 19258 -27066 -62735 -18822 -29330 43010 39849 31384 -16685 -17703 14137 -21251 -16887 51247 -104189 -10074 36471 12307 26245 -11884 -4600 -6680 -5241 -21929 79654 61889 -18356 -13352 6048 -61736 -24314 -14347 -3733 -22617 -39415 -31553 -20899 -508 74557 81805 19993 -34015 -19179 -19244 -41569 -6628 9960 -19000 -6265 20473 24679 22682 -54976 -4515 5155 50840 -7621 46676 -97417 -35053 -31820 -9921 -3402 -45878 5500 -18306 -56748 19665 -13480 
-13095 22234 -3583 26301 -16087 -24821 19057 -33000 33750 9315 62835 -30241 -22925 -86496 -46068 -41119 53525 -38168 27680 8392 12624 31404 4775 -21484 50657 -47936 -36908 20278 59889 15408 16791 26777 28305 18257 5845 22411 -22653 -12170 677 -28703 29856 -36634 4754 26928 -58788 17405 -42798 -21610 -4887 43306 44395 64852 -70974 11131 30161 -22891 -23712 -9929 20450 54940 -43203 -16251 14136 21488 -15236 1572 -44156 22071 -9127 -40597 4384 -29507 -14892 27726 -8247 33654 -36985 -20042 -5745 19057 
13419 -80076 -19904 -41776 -6824 21668 -33371 -28941 10856 -26309 24149 23414 -8558 -5405 -8575 -65758 1957 -55515 6259 -14445 -18657 18102 7900 59296 -56880 45560 -37886 2078 -52749 21001 36447 -10216 38433 19447 2146 41585 -24698 -21270 14822 -16737 7587 38982 -12635 -36235 20924 -8520 -43911 29900 6610 -46475 -19196 -26303 3625 22385 -12578 -27543 4861 -25519 -20492 48428 -38404 -29431 -22697 16337 4713 32910 -657 -28469 -69754 -1172 -19952 15543 -37403 27526 22984 21312 6889 -10940 -52213 46901 
52578 -9232 22342 -16702 2711 3993 -39977 -15982 -33427 -15557 46924 45386 49166 9449 23746 5104 -8252 -19720 25846 19839 -83861 33324 -6993 18317 -13565 11921 20458 14451 11645 -59766 -1271 -57190 8243 -1629 -23086 -23110 13337 62594 -31275 9837 -48284 5788 5486 19592 40117 2048 -41908 -26136 -32007 -41358 -24429 -11609 704 33043 -36259 -14179 -18520 43092 6865 25734 8375 -41957 32988 -28780 -17126 -23333 -7522 -57365 -8826 45278 32664 3929 -5116 -10039 -28519 29674 26487 9641 -52579 70954 
21424 6672 35491 15013 -3208 -56390 -42824 -69939 17821 -33145 -6451 14206 3276 -12850 -1516 5812 -7418 23379 -14072 -6358 64756 -2102 -4506 1283 -3766 9500 31429 -30686 30845 18842 -797 -64850 764 -55401 31837 -29332 1775 -26665 20838 -10408 39208 -45617 78579 62543 30254 27051 40447 14007 6379 -22985 22307 39361 -48036 -940 -18255 31372 -40237 -22493 6174 -21682 -9832 10771 29504 -6929 5409 -5649 -45659 57553 -23233 30055 29620 3535 -27939 -38226 -67152 -26622 -42729 -8149 38063 -11998 
-29212 -14528 -6932 -60997 7818 -44977 -17680 -4664 -13855 -15584 -8180 -40849 -15733 -31095 9815 6541 -14753 -5501 -33255 48479 55742 44461 20601 632 17778 -26284 19499 -51892 51689 -20458 -12564 45351 -24645 -31324 37026 -1709 31003 -25313 -9268 -974 36846 14919 24481 39710 -6032 -24291 -19933 -17887 -23873 21408 34499 53569 -15897 21507 3839 9243 -65065 -14025 -9754 13491 10229 -12734 -11613 22951 -14703 13558 -57114 46487 -4757 12958 -11489 5624 3355 -2968 -19157 -40318 -32418 -8414 8932 45309 
-34108 -38547 25812 23225 25816 -29735 -47478 -32929 -1828 14773 36599 38830 -8524 31453 -7065 -84435 9269 6637 19026 31108 -6633 23624 -2154 -40907 7162 1633 -8917 -40472 59886 -10177 -46082 3681 -22102 23699 10331 -5841 41948 15535 30501 -13263 6931 35257 36788 21879 -36825 6358 -1643 37130 -57733 18241 32732 40419 30302 15982 20201 -15481 -25831 811 35611 23230 -58006 12962 -35907 2947 3918 -13077 9751 33987 13808 -44652 -29217 10262 -17869 18946 -1085 -34642 573 -42911 -17932 19449 
16208 -9417 7891 -6574 -49011 33571 16659 -2789 2524 -22730 -10105 19529 -12108 40421 -54173 7819 33481 16071 -21027 -2286 -20945 -50630 53408 -21887 24855 -6831 -2670 -53979 41777 21931 -10931 -3027 10531 25597 39757 36439 5791 4053 59418 -20267 -16416 6 -22205 16698 13829 12267 30138 54728 4352 15539 10544 -17004 -10287 -33913 12715 33783 -54015 4757 11917 31086 9010 -1737 -16609 25467 -6542 -2655 15879 28155 -40367 1235 -31921 -11707 -25223 20669 35669 7356 -13836 30070 -6326 -32434 
-12046 1941 28156 13408 -33528 22821 -50857 -28231 20871 12996 47388 -11531 -1626 -873 -33996 -38790 21612 -25666 10081 15612 -11774 -11776 27545 -15507 17274 8046 -39826 6531 67527 18169 -6539 18620 6258 33467 -11917 50363 -28374 -4671 22960 1676 2763 -22708 49655 30208 -56947 -60763 -24668 1049 -41570 -9280 24100 -28823 3764 36960 18323 -41976 -60580 -820 48660 19702 4868 -42617 27762 -37144 14428 -24550 5140 -41977 -15827 62529 -34982 -6572 -2942 -8173 -4115 -48217 13963 -57710 -4979 8157 
7049 -3948 -42998 -22970 -50280 -58059 -24531 -17009 29465 23101 -25668 -16840 54287 -30481 -30102 5627 -2448 -5762 -603 7261 15288 56595 10818 -20730 16697 19065 -3238 -9854 26146 -16466 -14164 9068 -10467 -10192 45616 29556 -32889 52046 6349 22253 26631 -3086 -14794 2053 19869 18661 -43803 -1324 36557 24927 35803 47649 -67852 7869 6640 -2101 -76588 -14456 33562 38256 -29716 17537 2538 25148 -34332 -13904 -3223 -7723 -32459 20926 24747 -532 -25562 33576 329 67004 -18002 -37701 -34455 -1477 
-10647 36515 -53125 56444 -81708 8665 13565 11965 11369 26482 5503 29215 9071 -37228 -37481 -67344 3163 75546 19651 -35918 28878 -15851 13835 46602 -18541 -8532 -27130 1773 7122 8850 -16983 25825 58126 44003 14549 17003 24436 768 13630 13438 -20000 25716 33631 -17744 -46395 3307 -47709 -5654 -21093 64466 49853 42224 39257 17691 -23663 27673 24849 49606 22866 65363 -31769 10759 51888 -15972 -59838 -43601 46273 44665 13064 -39457 -54012 -63126 -2320 -24407 29100 -10975 -20136 -35913 20149 -27789 
61340 -34544 21848 33610 -41640 -34604 -77724 -24415 5929 1879 718 -29026 -16310 -21054 -12599 -70051 75686 -40928 15778 14013 -41620 50694 2307 16150 6919 -19801 7232 -7519 2731 23952 -13294 -22713 45875 -30063 22471 43628 -52816 -23723 -12191 -27675 10338 -8019 76724 14547 -15291 -63658 -28030 21830 -49007 -42076 -18941 651 36321 38319 -32281 -46797 -80697 -9532 -24173 2148 -11025 -40870 -36070 41032 41645 -7375 -36674 11074 -14985 4680 36935 28056 -33787 998 -27141 -61004 -16921 -19757 -10956 44681 
-11452 -17447 -11652 -18134 12938 -40286 14807 -23653 -66991 74121 -32098 -41192 2952 -10841 55628 16926 -21210 46010 27456 -98235 5235 54198 -11630 -10679 49686 -18636 31279 -44447 -9649 -6583 -45238 7281 -59814 -44980 -20375 5752 19504 -410 34511 11233 59218 25959 9451 1639 -4979 -19793 17342 33541 39 29969 -6943 18156 64566 -25769 18689 -35739 -70524 -27471 16682 4049 -4264 6117 -6826 14450 9267 30803 -5271 -9272 -4340 -1246 39627 11426 -55373 -667 -28840 -25404 -72856 -32774 45839 16102 
1385 6540 -9616 -39666 -26457 26526 26533 5806 -7396 5555 -39995 9142 -22149 -11073 -36103 9003 -4213 18325 -9797 -12606 -30774 17065 62912 26030 27193 -12584 11114 -75755 33787 -22363 -31658 -11245 -43669 25790 -38398 43801 -5125 -35698 -3009 -3023 -10136 12982 -41394 -9847 12945 -24722 -17174 30768 -233 36623 992 5196 28864 -33395 -29028 16721 -62285 -33825 5507 16659 -5699 -21104 8889 10113 -67449 48038 26812 -2862 -34223 12362 21885 -6177 -43383 9342 20126 38168 -42965 28861 13853 14816 
-47731 16918 15480 1301 1488 14484 32447 3089 -27312 -2649 -27410 24284 -26242 23738 -15008 -13892 -5743 38076 -19311 13942 51734 45347 -40267 -36244 18542 -70828 -18659 -34946 -5681 -2043 9998 9593 -11432 -2845 16170 -38277 58715 -10059 -22948 -749 7078 12185 43497 45773 -35589 -43811 11776 -1070 -22955 14033 -11586 37259 43776 -5181 831 -17299 -10565 21009 -22194 -16725 4038 11301 37151 -22169 -28646 -7817 33678 19719 8798 3897 -25310 32732 -30646 15349 -19449 -39903 37021 -20809 6186 11528 
498 22937 -15292 19803 -4908 28182 -16194 -16462 -20872 -17882 2312 -17211 12034 4954 3834 5494 6797 11242 8631 -361 10769 -43107 29933 -17079 823 22201 -42323 12453 22133 3446 -14792 4483 4095 -27685 -28293 8764 -38187 17194 20786 21563 13909 -26321 -26260 -1294 -83704 34776 -57381 -9486 -13543 5343 33696 -22272 -18150 6365 11604 30770 36484 -29513 33542 -17745 -14963 -38657 24277 -3158 -17522 9949 -37875 -17129 36552 -11432 57278 -8975 50203 4950 5866 -23901 -2573 37528 -10288 22193 
-11545 -26199 31044 35728 -61297 13842 22590 40049 52580 14146 -32697 28141 -9635 -43881 53883 6951 43007 8794 85098 -49262 12473 -14594 26466 13195 20761 662 -34376 26675 -33397 -26645 -449 8296 -24109 70150 -14873 24184 -3714 -11555 -12630 -4999 -18626 42704 -20717 -9109 -25425 16776 -9266 17039 -2963 -684 30765 -20117 643 -12877 -18386 -50215 40563 -10105 8971 -605 -88727 47728 -61571 14621 42486 25968 27552 10030 33236 -40412 -29979 33419 5781 24620 29684 -11925 16303 46459 -8410 -2515 
19517 24979 -8477 -29989 6577 -81530 -39067 43055 46714 670 34314 -15847 7018 -8425 57989 46157 -7008 39064 8207 -22464 -12492 -2008 52828 -12810 -21369 -3848 53355 -19838 -19319 -563 -39705 -28204 1011 -40468 39903 -17205 -29614 25606 -33507 4379 5366 5972 81976 -14483 48058 27701 58289 -46645 -1737 -19303 -48780 19064 62371 -28909 18009 21477 -33108 37467 -125032 14532 4340 16144 -17749 -18192 27115 -28937 -5768 -4426 -40937 -1981 -10287 2043 50483 16873 -40756 -40762 -8132 12292 6109 64245 
-47257 25817 -8325 28975 -37388 27412 46319 68 -8548 39978 -15363 -9142 58722 -12529 -16268 -70375 -11241 -39875 -447 -32580 28245 24034 -9507 9955 13675 18522 -23959 45601 -41935 102060 5489 17483 60862 5 -6821 4720 -60610 399 -12736 13643 47234 -36700 -20311 -22768 -3831 -10026 -20508 -56920 946 -71771 -26857 -13728 -2438 25522 62455 -53680 -29689 -10415 -23011 49920 -18072 -43340 -3001 -8287 36398 -6359 -42852 -70630 -34572 -2124 47647 -29035 -7806 -46889 5460 19899 8620 -10128 46634 -62133 
25846 9563 -7299 -48967 73649 -7119 3721 20577 -1513 -20098 20243 -47888 -17365 25443 27093 39888 17056 14394 8122 44278 10028 12941 -4043 -7648 -65989 -9544 -34523 -13790 -12295 -5976 3646 27684 -22156 -33928 26649 -24350 40956 -47 1242 19445 6799 -21173 10930 21511 11887 -34259 -30252 2489 -6691 -641 -4750 34196 12260 -13864 -39760 8193 13373 -19777 -15979 -26028 10290 -29729 17835 837 3409 -42781 -4974 -47074 -16856 17167 -23078 1593 17916 20678 17611 455 5348 -7852 909 70360 
57501 24351 25328 -20273 -24889 -11807 -26170 52943 24926 -8815 15242 14246 15462 22794 53022 65732 25312 55893 -7881 28542 -51719 -38756 -20660 -55744 18795 -56084 13265 -13280 -26678 4691 -29579 -10039 4859 -26064 61299 -5987 17472 93002 -49596 7762 -16973 55280 61426 24332 22390 -17336 79386 -53649 -8171 17818 74419 36307 -17442 -20385 -11945 -13056 52830 37901 -4895 -15612 73327 3100 3768 -4650 35975 -2445 34976 -39529 -5744 -45959 -33660 -5060 9710 -1461 -11305 9701 43872 516 -24255 19997 
-30086 13413 -5533 27098 20432 29038 24547 17472 -2225 15997 -5885 -28456 -26455 -19861 -25734 -6090 42403 -21237 -2465 11814 20682 11682 -34301 38029 24290 -31740 -5873 27951 -15378 15673 43393 44539 -10994 -7697 -17872 20325 -15325 -43027 44008 -61924 2778 -9547 -6199 27300 -15973 -53408 7309 10499 2034 3271 -5907 -14553 52422 -5206 -4658 -24623 -11891 -3152 27295 -21394 41970 29132 22228 22829 2584 -8627 38863 5241 -18143 12640 -30274 3109 4001 9600 -18214 -11842 -13481 27206 35003 -45417 
1663 -10399 63828 -751 45378 10811 -9401 14576 15908 -39672 2380 37814 -21500 20472 9302 13536 -20156 22522 2941 -28867 13726 -80237 8196 -13285 22670 6004 -38517 -26628 -27795 49235 -5087 -22655 -9332 -20615 62942 -18664 38489 4085 29217 29843 -456 -2286 422 10811 -27269 12973 19801 10517 31138 -47103 17246 8504 -42347 -115286 41897 26435 63488 32200 -17759 2114 -36475 23783 30293 18989 -20793 15137 -34545 34952 -5516 -10212 -24315 10911 -22409 -11276 14561 25183 44541 23586 58696 -4931 
-24466 2074 -15396 -2557 47324 15157 10850 17187 33282 -45531 13627 -29380 -12275 3968 5536 27508 -6156 38913 -14640 6803 47112 -53523 25928 -25633 -15189 -32273 18003 -38016 10257 13688 3884 8063 -8722 18569 30714 -32352 -5 4699 7103 54539 -37967 31136 -2781 -829 46052 32143 33327 1370 -3448 -53766 -6270 -31486 9775 -582 16969 59151 -15246 33677 39271 -13290 27278 -29935 52638 -1134 -2511 -46736 -9473 13382 -14501 29990 -49810 -30143 3365 -39172 12700 10595 39723 38661 -15148 -28638 
-64608 11615 2125 3329 22384 40683 19915 23742 -10875 16425 42212 43256 31784 9816 3881 -33799 -43632 -26363 19357 34769 65955 -9396 -50328 -11036 46302 -2065 21648 21621 25865 -17564 25206 -26428 5828 -12782 -30749 -19569 -26464 -20495 8169 19698 34953 8699 -14715 -9622 1782 -10026 79338 6717 5388 14370 17801 11620 -21149 22990 -32523 46164 24397 3974 39972 51507 -1051 -17556 -6100 -20943 -11915 -2983 -55608 -40706 -39315 9071 33467 -10245 -38218 6439 2693 18661 -20978 -55317 -3742 -31657 
40094 -27473 -19828 18325 39390 -31497 -46664 1959 46058 -10242 13081 -33029 15792 -45756 30167 3113 18312 -9016 -52691 988 -32837 13813 -31460 10261 -4697 11925 3196 51324 4344 -7240 14199 7496 -23367 -3802 13151 38574 -3404 9975 -48236 -36996 -35591 16835 34465 22589 14839 -9731 5058 9330 -24001 23025 -3759 -3665 20773 34524 -4554 -36493 20981 36679 -43080 50492 26431 44999 -35486 -23246 19947 22534 -5390 25315 -18110 -751 -62507 70743 39540 63657 6144 36205 76748 27412 -4718 35781 
22039 3294 18758 -3156 6269 -20925 -13146 26978 25748 47682 -14382 -10276 -53888 15417 -9844 -1753 16023 1385 -29372 35641 109 8397 -2332 -11987 -27976 23972 -41653 -33623 -25962 10645 -21352 11397 2796 -1479 1212 -53657 4688 -898 -30612 -27447 46635 -34667 33462 2985 -21350 20001 5709 -44362 -11823 1967 -69375 53852 52362 1596 13656 -3635 -11057 -9574 -49953 25278 -17127 12186 -25995 35924 39642 -9947 12631 -14897 -16682 -13171 -6445 73528 20466 23830 44414 -65042 34300 -42485 -25708 -11304 
27787 93978 35880 46108 23901 22639 1218 -2029 23978 16042 19561 27136 31275 10292 -57227 11244 1014 8050 -8798 43325 41572 -18916 -46560 45903 -4411 34522 -28190 33331 35602 -72534 -6062 8336 -23772 46627 -6960 -26072 18313 3140 8984 30474 -54906 -21322 17308 6399 4028 28168 -26633 -41717 16111 -12825 13110 4476 -3311 -6078 -17191 31957 27646 51713 -20137 11833 35972 29724 1246 -35683 -22459 -43763 13154 27268 47301 37404 -2228 -61082 -4591 -59870 2961 21456 8659 49543 49734 -48979 
7810 22254 23758 -75206 33523 5023 17250 42724 -46283 -1061 8213 -32389 -15499 -28975 18698 -2253 47825 8568 14165 -34940 -3261 -8846 -30908 -33111 -57650 34045 6870 -5399 -30761 34280 -13278 22479 -8506 -17346 52351 -52804 17773 -43522 -28087 44801 46726 41358 8041 21434 25710 -40051 20024 -60853 -36323 -75682 -36509 16802 7734 -6563 15639 24089 10130 -10821 64774 8091 19880 -65328 38756 -72526 15481 -10867 18544 -51874 0 38355 50283 -39470 48815 -71268 5520 8816 11172 50565 -20465 -71553 
23662 21206 -16084 4653 -17092 -28699 32943 -52902 -49781 -34660 -8948 12730 37575 -1058 19693 30704 1688 6643 46441 -83078 9971 -1012 19133 3407 -16570 -15525 -30144 16866 7512 18863 12182 -5317 -6439 -4145 -12081 -14861 19331 32449 8370 58374 6792 20583 -31553 -41565 -32146 40048 -45840 32673 22184 21876 -47369 15257 -22408 16017 47198 -30511 -12787 10732 -25453 14948 -27028 -24401 1593 19482 -1706 -20873 -37813 -23585 -6332 4645 -31802 24405 -2934 -54316 -36450 -8520 8651 54358 -46741 -2129 
-38713 758 -36226 -23314 -19753 11853 33823 -25188 -39629 31408 27716 46584 -6050 29897 -25225 -20478 23331 56854 -41317 3977 -20936 15417 20694 -6005 -9068 -43313 40555 -23053 40975 -13945 -17305 -20049 -4497 -50806 -93 27358 55313 3450 16341 -13277 -35328 -34378 -7105 53998 30164 13528 -19127 10808 -9138 34812 14975 17940 10192 27471 -43030 23466 -3872 -15902 4980 3611 37213 22664 38407 2132 -50079 -16025 4194 43703 19783 11946 7737 15408 -25155 51779 -29487 7728 -26945 -45895 14752 26701 
-41965 81926 -18482 -324 24059 72462 93059 48391 8394 28898 17435 -17460 42493 41254 8551 29178 -36619 48542 -23120 92361 -5774 -37555 8234 -49329 19848 -65334 32872 -16576 29590 -9586 -15884 57382 891 1989 -34485 -10017 -27052 16522 34956 558 64328 -35401 -33398 5614 -1756 42979 39080 -23687 -10408 68890 -36516 61636 60277 23518 -12853 31675 26055 645 58001 -27511 86071 -35803 27325 2036 -2998 6 3500 -5247 33692 -37013 40244 4131 2883 -9556 5527 18260 -18462 -23495 27357 -17456 
-1812 -46507 24847 7350 12841 -21548 -60526 -8141 9025 21517 19238 -12805 -26156 -966 37243 -10406 -9375 -12416 -25687 -23911 -38976 6230 -30236 -24733 -27356 9315 7200 14862 -14104 -23935 15309 -88971 26933 9917 -1566 -25393 4866 -30249 -77066 14794 -19594 44942 41671 15009 -3387 -17538 52936 21475 -36724 -57161 -9636 -27237 -43296 15434 -33630 -18740 6939 -6351 -18555 -52121 -38734 6903 29006 -25889 -8318 32816 6314 -20650 -12306 52795 41750 64604 -7778 -25158 -1582 -27441 -4988 -27056 -36004 -6806 
23676 1837 -9014 -7110 -5290 4488 9854 -14572 29383 -30887 13674 -22780 -36702 -38704 20643 -5301 82092 -17577 32572 -19538 22993 -20466 15007 -29357 32343 -24173 -28750 -3950 6840 -7902 9057 -16945 -1917 26587 14993 52435 -7730 -69975 -9851 -1500 -62085 43935 16958 17454 -33414 -24176 -12041 -23617 -22970 -57313 26182 4502 -33230 -3892 11537 -14698 15671 -37207 -12374 -29862 13113 -17178 -17713 -11350 79091 9468 -5845 3106 15662 -23126 -42361 -29767 -1198 -1914 35542 -4384 -1946 65550 48784 11469 
-3496 -31124 15365 -15817 -53200 -12575 -24794 47158 57074 -24795 -44314 -5059 -219 -36542 52200 8149 -5479 27332 -16007 -25124 -8930 -61197 37617 31900 -6145 15375 50241 -23975 -15335 49163 -45486 -22687 22892 -12865 18959 287 -13876 -25413 -23227 27795 10454 16180 4838 -32401 17193 -30269 20578 -16590 -13908 -16907 37832 -38394 -36046 -39752 18332 983 -6308 18785 -15086 12814 -45784 -11313 4143 22119 1098 35943 -30130 -33023 -44328 20892 -11715 -29181 -30661 -42916 -7295 29233 10710 -9766 18760 10418 
44076 -53486 17264 -53348 -41702 21713 -27087 21021 -54795 -24098 -19847 7349 -26309 20246 -4700 -33248 28665 -41846 64044 -3605 13300 41957 19290 -13344 -72174 35236 -12412 27102 -36767 -17937 -13490 -20993 52000 3526 -1979 5586 -50204 6873 -33591 7943 33623 -1418 -37549 -45314 42084 -10748 -26841 -2616 -6088 -1783 1940 -54488 -66448 18206 -48979 -10337 -7012 -24115 30274 -12924 -59153 -52317 4022 -30349 -9295 15944 -21163 -44568 -8025 5755 44502 12832 902 27912 -36623 -3407 -19925 -4452 -5284 39212 
15790 -503 -29931 -33744 -6639 42933 21177 35036 -15703 6370 -42098 5625 -34455 -19597 -20466 21013 -32033 14453 -53942 -64003 -40825 -17017 -7549 30168 -3452 -3717 42148 -3066 -35655 38370 -25110 -11931 64904 12675 10213 8757 -5038 7447 -61 -13688 -8488 5471 17012 -7548 23857 -39248 13165 -9419 8406 -7150 27387 -4519 -3620 -51222 46679 27320 -8398 -21091 -24235 -13023 -64594 -1681 -59353 42888 -34875 40527 -316 38246 -14588 -75180 37944 57362 -19887 2673 -19763 53368 5537 -4531 91010 -13694 
-13955 3493 -26584 -8850 -24552 -8366 6962 5335 28917 -9288 10856 26185 -350 -7768 -5416 -34954 3401 -9167 14090 5748 -70621 17334 -27873 1677 -16386 -1794 50811 10995 20611 -37906 -5435 -38710 -21384 2866 17741 8128 -4213 17267 77896 -85814 12501 -13787 -9938 -29329 29911 -19155 9354 40585 -19623 47646 4038 48017 27929 14106 -12661 -19476 -12584 6741 72676 -12564 -36428 5600 53446 -24493 14339 -27126 71078 11777 11218 -17736 3274 -33247 18336 12806 -30156 30072 -56632 -37814 -23036 -6426 
15115 740 -2945 -6770 44234 -12339 -15172 28723 -35007 -38171 -18523 -18703 -54962 -37750 7315 4107 45181 -35993 4124 16606 -3395 51858 -9171 12116 -38167 -6124 30844 31317 19577 -27895 65038 7503 48281 -17553 25935 -48034 -1340 -36094 -12641 1078 -27200 6443 -17851 14909 14530 -21605 4953 -32487 -10239 -2266 -31398 -60116 7109 16114 6130 46497 -3806 -679 -9740 12763 -27695 -22904 -11984 16063 -24085 37824 -45820 6687 27547 37689 -22808 10294 10052 55533 -52398 5815 -4056 8498 14541 -11933 
-14448 18710 -13509 -31035 -16308 -9478 77103 -1642 1254 55640 -52650 -30386 -4367 15655 21436 -18860 -16392 12062 -114 -1242 37135 56828 38275 -44186 -37290 -3781 29946 -32624 -35216 -24922 9960 14466 49007 15552 -40918 -37648 -61177 -10894 -19328 12061 73313 -8921 -58933 -17950 34894 52490 -61302 -36228 5635 -44814 -30540 8016 4981 62021 8634 6213 -49831 -44214 1422 -38488 -2641 -26287 4375 4473 22579 51198 -52308 58383 -1408 7811 46669 37662 -279 50401 -20201 22137 5857 -12377 59812 49416 
40534 -39663 52667 -29976 38020 -2168 -16858 -45593 -33411 -31325 9562 39568 -4180 -2949 5888 15784 36130 -71106 46399 -11148 -8318 -48829 794 -2411 6967 11032 -4729 -5436 71968 -11912 16044 1578 -7727 -2350 -37058 -7768 3161 -7318 17205 28324 19859 -1987 -44873 32494 -12243 -19030 -59005 21882 -41063 7035 11395 -21328 -47920 19543 -47574 28798 -15685 6151 22024 17975 -26045 -38359 -39433 12871 5281 -13788 -64478 -33775 -26733 9425 7824 -7399 -23056 -2656 -27258 -19165 -45227 2588 -38291 25138 
58515 4532 -18024 -48983 19690 20008 -49887 -30474 -4907 41507 -12721 9622 -27609 -16137 8736 -4487 39423 -6831 -31875 -1168 -36871 21473 -35556 -15865 -37230 44064 -1690 -9015 9574 -64159 -33694 -23685 -1156 23169 -28408 24433 62893 -26917 42345 26455 -3394 -53382 31579 6864 9127 -58404 -51094 27681 -40161 7533 11711 -13193 -3521 35466 -20176 2590 -33239 -24853 -22800 -71300 -15744 -25529 19979 7229 -5174 -18031 49262 -19415 -7784 44523 29549 18842 -2979 -54100 -45616 -6692 11361 -38134 -18660 -928 
-34634 982 -40034 -27543 25386 -36549 50661 22626 -15364 25988 -38733 42240 5372 6862 30922 27210 -29992 36443 45739 -30657 12752 26620 2500 52435 -9937 -19905 19953 -45288 -47295 43094 -10691 30376 -22893 -60776 74769 -11879 5487 33009 -1375 -27231 -3108 64543 -26195 11777 32958 9368 6628 -81537 39932 -14997 2922 31032 34005 -25803 19384 29365 81268 62460 -14371 -4345 42772 52327 25669 6980 16709 -4650 11543 12832 -7233 -34302 -51927 -40122 12918 -1164 25785 -14415 -6641 7752 34822 28414 
5870 11457 35017 -19741 -9183 -49574 -35041 14773 49481 47681 -29068 14545 6164 -42517 37183 -1828 -18626 48616 39399 23694 -6623 -1489 -20851 33001 19164 31150 14873 -29988 36018 -79980 -68082 -31794 -70431 -7141 24110 -18632 10271 9638 -12796 -14717 -13555 25203 20828 -7792 35435 36832 33367 10244 -29275 33739 -9133 16753 33921 -67522 -44758 33339 -28574 44855 -62012 16671 15511 55978 -1287 -69871 -5890 -36411 66869 15818 24442 -26128 -5101 -31714 22252 -28520 -38235 -37118 23880 4820 20680 -24257 
-8048 -14914 9458 -22045 28570 -2473 -6156 6661 -7472 -15353 6653 6722 -6827 49886 -63703 -24900 -10630 27383 -3113 24583 5944 14750 -9633 16375 -24267 -14675 -2701 -5506 23562 15771 -10156 -9575 -7081 -575 7617 -30203 40746 -1973 37425 -17639 -5344 -7493 15185 35163 25668 -70562 -39543 -8253 -30553 -10015 60952 21843 -12144 -8615 -29193 -66 12716 -39812 31646 -461 -62833 -51444 -11596 4099 -29314 -28575 493 10967 11062 -31570 4931 -33096 -37524 -383 22859 21291 -13396 -42375 41916 9940 
7192 7448 26257 -11621 4292 -38569 12799 -46394 5529 37917 5194 -34390 -7979 -44800 28557 3660 11070 -7801 99241 -30130 82 35795 -17103 30000 658 25175 -10503 10189 -10387 1617 21101 -4730 20042 -9552 32489 -43592 -43018 8583 16382 547 32946 18722 14432 43056 -16371 24922 4467 -7330 -3017 -43856 18475 -9500 -40005 -16610 16498 -16470 -12081 -12815 -21505 -20259 -75368 -36435 -5642 11738 23635 -36998 -32288 1941 -44582 -10704 -3555 -8699 -22713 -43910 -8351 -31429 8670 -19711 37695 -4484 
-4020 52106 30667 -35690 -499 9552 -63432 -17590 -1791 -33212 -33229 29068 7217 16978 -23265 4228 -18789 27016 -25438 19508 -19874 -13185 1224 6079 -29083 33416 -4778 9157 -16060 -7460 -43552 -25071 5347 2248 9512 -7737 20549 44090 -16755 37979 -31451 -31794 -3971 -19892 26849 -27011 -26934 -44411 20207 -11520 53428 -47187 -59406 -47107 24375 8332 -25246 -25054 -37004 -39998 -12316 -45305 27370 -19132 -50674 -11897 16444 -70272 -22156 -3186 -7683 -15507 -28016 -56305 -41455 -8478 9835 18743 8833 -16437 
-6562 13425 -18046 -35159 24378 17761 14308 11607 -8761 21398 -7885 35661 31868 10714 -9839 -126 -25129 22085 17149 14896 -570 -17738 -7173 32253 3464 -3941 7477 2505 -7288 31550 -21006 -8751 -12788 -5347 -17546 6577 -1642 25052 -14782 22764 -15080 10380 -8393 -35831 57016 1013 -17055 -2980 8812 4402 -11802 -11962 -11467 14747 -30606 40922 24013 43742 14205 -46196 27094 36143 32192 -21552 -4409 -57446 35267 -21354 19924 -31972 -9644 19137 -3856 -16960 14853 -26046 2270 -470 9153 -31850 
20027 25001 12635 -29614 -15512 49692 4748 16169 25101 30655 31453 20234 -18477 -48591 -8493 -6466 38869 18964 27980 5341 -22066 -16452 -17062 18742 38638 17842 -23105 20677 -4943 -28052 -33009 9561 -29193 20368 8249 6077 32490 22946 14774 1116 -73097 6881 -14641 -19285 -8403 -16042 -44609 -16549 -23153 -20508 4692 5529 -1799 -15129 42624 6757 39414 49805 22657 -33428 30174 -22978 57253 -39525 16493 -14988 41014 14285 72109 -22705 -19274 -61255 32151 -82416 15001 -3462 27969 56336 -10333 -2573 
33606 31391 20167 -88068 -44059 13751 -15365 49291 -2641 -50745 604 29194 -12176 -2720 -3764 6620 47842 8427 -28484 6602 -7671 4045 -21165 -20195 -3907 -8261 24142 -7833 21925 -7890 -39430 -49512 34963 -17712 31742 -7710 6505 12545 -21920 -1107 -62381 35542 18791 7306 45118 -58924 21512 23319 -56947 -13753 -3187 -34028 -2653 -13103 -1079 -3752 -48318 7694 -31807 22073 -28178 -42480 -24070 -47252 -1410 4383 10859 -11983 -3018 -36024 6418 31346 6324 -37468 -61092 -1670 35495 57435 -9346 -23874 
31120 14063 91297 17939 37984 -41766 -62539 -41710 -8304 -3831 36585 -838 5869 -53133 22199 20744 16339 -1752 47651 37237 15104 -9954 -41971 58999 -17265 55656 -8526 10847 7944 -62525 14332 13389 -13576 -30691 2381 -23791 27360 1453 -4235 -6099 -10966 -27338 6987 61304 -28406 21846 -32458 -1795 -24701 -30854 6035 -14790 -25445 -31909 -8352 6769 51991 41414 -56424 34384 -4937 12817 307 -33236 -17111 12692 -30528 28853 15250 27339 -16595 -61286 25184 -72339 -39432 -21621 61993 65135 -18310 51957 
43853 424 -21618 20202 -36717 25777 -37044 -41943 8359 -28026 -60030 -25575 21919 -64710 6504 -50652 -10610 27090 -24947 -59729 30523 38082 -17984 15421 -37738 49518 13319 8427 -34412 58448 -20525 -10351 74262 16946 -32322 -14754 -47736 -16064 -74449 -2122 49951 5602 61894 -3605 26428 5011 -46109 -26955 -28961 -16251 13162 -25343 -12763 25791 -2884 6375 -11698 -21466 -14791 -1922 -75673 -43575 4591 2749 -36682 13340 -7740 -5397 4113 -31835 36463 25445 -49355 30481 -25503 -20841 -28681 1154 81972 6333 
67810 29733 39092 -50689 -19650 1649 -46545 50359 -22310 -14485 -39206 -4094 -35132 20517 19880 1778 10650 -30891 33726 -5283 -27346 27195 -34285 3050 -42185 14092 4416 -13400 -33202 16647 -50810 -42353 29742 -24454 16218 7393 -13661 14127 -10918 23035 1406 57304 78379 -14345 39832 -57397 24840 -56060 -43049 -47124 13826 -23393 -16403 6498 -23565 11143 -4285 12137 -11362 8817 -32888 -14301 -54297 -6776 33425 31581 16837 -59232 -25200 -12638 29148 1642 840 -48197 -43350 -12182 7629 -4159 9719 16536 
50690 32419 -16389 11174 1656 23530 -26719 56686 17388 -1626 -14445 70592 6868 15059 16840 -6189 -2347 11772 5164 27048 -29108 6253 -18851 52873 -43363 33085 -2652 3330 -35149 -40392 -14894 -21432 28614 -11884 7024 -10772 21980 5775 -15410 -32165 -38474 39746 5928 -23764 26677 -4719 11656 -15113 -22309 15206 -261 -10641 36346 -20056 -21950 81381 62549 40273 -82739 10028 -11639 3839 -24624 255 -8601 -3506 41223 -1643 -24208 -13604 -63058 -14938 39963 8221 24017 -11970 26299 50930 -19801 14910 
-72408 -17716 -114 -13831 91011 -36708 47518 -3558 -29603 54690 -14723 -33748 -14515 -6313 10055 -28012 5005 -4843 984 13146 11235 -11774 -61686 -37509 -748 1212 22547 1004 -5411 12787 23811 -17403 -10929 19045 -36386 -36512 13315 -75219 39980 5867 61116 25085 -46641 -36774 15553 38537 22766 3453 44992 -46595 56 -3203 13046 -3619 16254 34420 -32134 -17288 29971 5532 8459 -11149 6370 -15527 446 -3226 -3681 23677 -34562 32543 18196 9894 12518 14312 24128 -24965 718 -26069 24514 -31382 
-44956 1947 -52589 -51058 28612 40349 101452 28474 -5952 -15165 3773 5870 -16913 -3084 3061 33610 3521 -22743 36902 -15575 5482 -43148 11250 -49793 40046 -33145 23404 31401 37141 24484 47828 -7726 20920 28717 -23702 -22791 -40293 -29950 34214 38346 -39326 14186 -58548 -44268 15404 -36031 23514 32577 -11885 -8410 -590 -13093 -13459 23489 6710 47926 -12187 -13948 38924 -51320 -8527 -23128 12448 -36268 63861 -318 -1855 15658 5611 -44838 -3599 -13322 -15734 29468 22627 36618 -21991 11271 85438 -20307 
6006 -8361 18954 26958 -40033 22654 9401 -32156 -9058 16066 6303 -17162 6531 13389 28575 -240 1269 4854 26699 21328 -11787 35084 24437 -29757 19806 -30079 735 -17432 33079 -3616 -23500 35980 -2092 8130 -32508 -5744 -17939 -21985 41337 -52284 36403 -19791 47516 66376 -20267 38865 16674 6261 -41190 32816 18814 35378 -88 14667 -37178 -1851 -33610 -67840 47983 -11075 16549 -1687 -9987 47502 26987 -14896 26436 10024 10443 2459 -28031 34370 -23255 32571 -17752 -57939 -26348 -27483 1538 14599 
10980 -18068 -20219 57151 233 -73814 -36725 -50176 20752 32304 18045 -18447 -51801 176 -36560 -12381 -19210 -23827 -13526 -39726 -1461 4842 14780 4805 9156 13198 -29117 -32526 -18640 8483 9498 -8988 2409 -9291 18955 -484 25101 -3154 7210 -25485 -40686 6047 28202 8392 -45710 1977 -38679 -18677 10232 -50645 -5683 33672 6592 -12389 40791 28529 -37437 36615 -38683 15396 45827 36890 36396 55466 4849 -6327 1280 74908 -40002 34161 -30291 -98783 22251 -24106 24217 10802 1017 -21012 -24336 24071 
2659 6943 -15495 -67623 10249 41458 34565 56664 28418 -17700 17978 36115 24084 -6326 -28706 39381 -24134 -10753 2227 14772 45667 -11190 22663 59628 -41051 50721 -23667 35503 23077 6703 5682 72346 24095 -16063 64789 -12615 -6026 -7869 37001 -23171 55748 -22875 -5434 24168 11169 -39338 -16361 391 32108 62228 -13296 25385 -33392 -16466 23986 61518 80417 -2128 -5769 25925 -45408 -15838 -45471 -3812 -33015 -16014 -35703 46602 -6409 -16525 -21990 38839 -2436 44458 22871 32132 32997 1519 48542 41101 
-47784 4529 22651 9964 4861 -48941 5661 -8187 8428 10789 -39913 -9190 -47422 46920 1695 48217 115 9751 -9526 19043 47752 2498 -17271 -20335 -5839 -9221 7190 -62920 -12684 -23062 17498 2840 8155 -28356 24401 -2074 45217 6705 -17702 -7592 23890 1419 -28190 58586 -18532 1823 7657 -22854 22847 -65043 38951 -17550 -40242 -62149 26739 -19259 -63410 -36063 -22190 -5615 6840 -284 -33338 70120 -16037 55401 -33446 3611 5021 64439 -661 -23674 -14379 -14 -8349 35981 16514 20382 5249 41895 
-7789 24064 -1234 2739 25328 -15669 43822 -1246 -17585 -8283 -39686 -14913 -20289 11900 11589 24904 -2402 19992 28326 -1999 36487 24501 -4742 -4289 1060 -54090 25194 -25331 -41701 -11455 14991 3017 -27421 -49781 -17352 7297 -17303 -5196 9492 -37903 41638 -10138 -15557 19251 -9936 9568 -18053 727 16405 -3442 -53830 42456 77705 -11376 -21305 -21926 4116 737 13329 -40524 16884 7805 12376 11940 -3473 25832 -26340 62714 24512 -14636 41072 21277 12946 42256 -34646 -24384 -31951 8754 70376 34154 
62550 38102 -2947 -16605 -10937 16014 -13653 -16010 -21907 -23607 3241 -9518 -65172 -27314 -62313 -4879 32436 -33848 -33509 -13104 -3392 22578 -1198 7951 57828 -45407 -69322 -8047 738 17447 48586 7752 39159 -12119 20166 31925 -37782 -2587 7025 -54273 -6437 7818 9264 24742 -46225 -23061 9501 -34067 7358 12699 53231 -29498 -29438 -26814 69994 4182 -13101 -31398 -54030 -18038 36508 -25113 18882 -26076 5676 90242 -347 26898 16003 -73421 13269 -6218 21767 -9659 -62866 -11193 -26866 57288 19373 -28807 
5127 39667 11593 37601 -26346 -29700 7927 -22490 41077 29779 4419 -12945 81574 -9209 9312 9994 -8081 23802 -3336 -39917 -12819 -3788 -65883 9701 22403 24219 1680 13164 -35165 42589 16815 -12662 20147 -24871 56086 -11926 -54794 53619 -26536 -10669 19594 -3655 6368 -17825 16990 10794 60689 26884 40194 -35643 -28131 17217 21764 -12310 -21910 -53285 33398 30331 -922 30141 45341 48365 -14706 27663 47883 -38254 30350 -41080 -53535 23893 -13036 15364 -22864 -44274 46807 2566 32534 21226 -67075 -45259 
