10
6822 9534 -8825 755 -8908 -6839 -4209 -2486 -16358 -13065 
7116 -6376 9907 -2530 4800 24110 -13871 19281 17627 -4501 
6212 15395 -23200 -20126 19070 -8649 14353 8110 -3588 -22319 
3891 13690 -11938 4865 -6156 -8429 -21973 -12351 -4646 2140 
14310 6283 -11278 -6075 -8743 2279 771 -2790 -7268 1535 
-9074 -8608 2030 5103 14306 12167 4869 391 -963 15428 
-9022 -5110 -9465 635 12365 -10883 14975 95 -3230 -3034 
-3141 5375 -9348 1636 -5103 -15009 -6775 -3959 -3527 -5504 
9573 5955 -19910 -1975 6542 -6540 -12660 -625 -15538 -10611 
16199 -3987 -9928 5427 -10905 1033 -22305 2178 -29373 415 
