60
-11739 -33315 40827 6548 3354 14592 23964 -33245 -43552 18221 -43328 13403 -30543 512 -56765 6149 -37410 3609 35488 11660 5807 -29282 19646 45061 16766 -12478 27004 10408 9322 37235 26914 8907 -8465 -19563 39983 -6025 -728 9843 9544 23360 -23290 16871 19159 681 -16418 -23301 20147 -16376 -28565 -4866 7677 19269 -24687 -4700 14380 -42806 6458 27926 15656 16719 
-15814 23381 -34098 -24688 16126 -6480 -17253 9989 -51913 -33326 -17099 14757 -13489 -9232 14834 -40394 22853 7210 -8674 -36925 37290 -28266 13749 -16926 35632 42205 24560 11247 -11455 5046 27763 2451 38419 -6006 -957 42215 -27352 -11301 -21926 1799 -33650 -54982 34927 8207 -34889 -15789 -38555 -5990 -9541 77257 -10812 31387 -22679 -10157 569 29238 -15675 31451 -28216 -12527 
-11958 16607 22506 -38039 37465 10918 -624 -31349 -18904 45975 20371 13486 29447 6857 -1451 -12770 -2651 -40621 51821 -6988 18597 18748 -4536 49853 36713 50015 32891 -688 26834 44919 13124 20538 -3740 -26525 -40743 20895 19227 -44796 50794 -13041 -28473 -53594 42896 -2331 -7984 -8510 -5688 -44854 -10093 49056 5686 38967 -49658 1954 -9104 3500 -56132 -35313 24074 34317 
20743 -30903 10409 16655 -30382 6446 -4495 28303 -21402 64641 5752 6011 -8955 -2328 1851 21163 -17162 28031 3358 19444 -16425 5001 4165 24820 -17563 -218 -20318 -10526 3670 -23501 -39455 -10922 -25819 34992 58012 34726 2794 -33091 9846 -12039 13547 -4561 -32789 -22403 -7366 18368 -39971 21523 31048 -37822 20637 -7236 -4952 8108 -14948 5156 20985 12906 15486 -9300 
13135 -5300 32049 55828 36251 35629 -55328 -4209 18469 14184 9639 19223 -19533 21397 -30947 -8546 16810 55175 -14664 -19838 -38549 -35657 -3164 -55583 20362 -1514 72249 20125 -26342 -29678 11434 -15700 908 32840 4973 -43123 -26200 21089 25053 723 10169 30715 -27762 4332 16873 -19757 57087 -20445 -39319 698 25055 -30111 53977 -46269 53177 21570 7773 34374 -45515 23963 
1616 28238 -12180 4374 -4509 8619 26389 9567 3026 8353 5618 48610 -15103 30964 -24645 -19250 -18337 21607 -25051 -34349 26540 33090 13319 -13452 -31159 1616 -3699 -37252 20581 -32429 -11755 -1816 -139 -24763 11952 21133 -55816 -26763 10120 24921 -5808 3789 36169 11485 -18089 -15729 -10933 -13919 -1338 -42409 5747 15766 50166 19690 31692 3093 54307 -12534 -17098 -46137 
-12594 27525 -15532 4953 22015 -17820 -1096 24839 51513 -2124 14856 -17629 -22043 10132 -9461 -10137 13612 10956 -20082 -18062 -5556 42702 11356 3631 29426 1832 27943 12984 -23023 -53165 58919 -16632 20771 27685 -29967 -11823 -9565 -18201 -2585 -10854 -12965 -41393 -53013 13766 31050 11927 34801 -7968 32898 57204 -21862 9626 -18594 -33192 12835 86303 -14428 38574 -45821 25281 
-7943 -18762 -2402 -48786 3644 20063 17400 38952 7658 -14375 -65109 -10080 -2229 -57159 31167 -16444 -17981 55822 -25451 22769 -15590 14601 41516 -27426 24227 -26802 -74956 -11143 -8896 28716 -8357 15452 1014 -49111 -38881 -61505 31217 36575 -52834 37300 8007 62820 39713 -57449 -12347 -24673 35156 22451 6858 41923 -35413 -54267 -17921 -5162 -15369 -2782 -13397 73901 -29299 17249 
-3362 16387 18502 -19655 -16292 15691 8742 13699 29379 27896 -19812 -12352 -25088 -19684 -44272 -25996 -22602 15961 5445 -40732 25962 25897 15743 8477 7400 5855 -64694 30426 -15378 7026 11740 5949 -36357 33537 -28380 -13642 51188 -15455 1235 -14110 -13536 -6115 16791 -18271 -19110 16034 -17471 17240 50637 23332 6024 21212 -14667 8378 -10646 -27417 -25486 7509 26270 -21810 
42711 18362 3238 94 17520 35843 12056 -49215 9667 47367 12966 8906 -29254 -9353 -84281 26078 -13515 3383 12612 10574 -31425 8663 16360 35963 1318 -4891 10585 -34622 2681 -427 13666 5582 25036 5737 24732 -8809 7797 -10626 17056 25641 -45038 18707 41440 62575 13570 -13065 27703 1419 13043 37459 -25842 -33664 34275 7839 -13102 48640 26467 -5006 -31607 34580 
-34552 -37322 -16958 -34895 2535 -25596 9324 -11031 -23018 -13328 -46923 29274 54085 21503 -12156 -13970 37684 -33023 -3342 -42408 -20696 36699 -47708 11591 -31210 26521 10424 -1217 -21882 6330 -583 24530 17832 -2147 -8452 38096 215 26874 21223 -34358 17412 10441 -10785 -50727 -41253 24448 2566 -18535 -3348 -8567 -2796 13676 10813 42235 -37181 -32162 -15155 7703 -28847 -4290 
-30532 -9239 26629 18233 13697 7207 -56373 1179 -19449 -12195 26452 -6765 -43448 742 -45906 -12720 2292 -18907 12311 34066 3795 7378 -863 -8761 -53221 16027 23178 19543 4096 -4105 -24770 -8674 -23682 34834 -5312 -49657 -21708 33835 -414 -24071 30321 1331 -31831 1413 47641 -4707 25142 1062 17401 9051 4378 8901 -10909 17600 50417 37862 -38406 -1343 -21239 -2974 
53968 -27694 850 -2563 -19186 -44113 -62745 46972 -16519 -7041 -21356 24719 14245 11996 13178 -10980 11347 28890 -42421 -6645 -18249 20296 -17212 -44251 -41204 1222 -15331 17794 10756 22356 -22381 -38174 11155 34458 -17051 -48744 -7375 14951 258 8206 -16959 -5192 -11650 -30668 3870 20065 67364 45381 7701 54702 -13653 -12999 8025 43 -49826 51299 14339 38082 -2849 11523 
3646 1912 5976 -3172 37236 -33719 6397 -1031 327 -31549 692 -32195 -46421 16655 9655 -27786 -19951 -53519 14379 49881 82854 2937 -13056 16205 -57501 -25203 -34002 6859 -19979 44882 -3617 18312 26001 -26818 16040 49180 -25535 -11182 -48237 -10229 -460 25920 35919 10066 9402 -41632 -45923 -31021 -29009 48022 28748 35306 -16395 -24031 34989 -3800 -11716 20464 9796 -4493 
-37637 -16894 -23247 -12086 -879 45383 -21689 23443 -1272 -25744 -11554 18853 19696 4141 5880 66773 -5884 21328 37048 29806 11735 4003 30438 8827 -13615 37645 7688 8058 -267 -41475 16666 28971 2846 -13248 6513 -12120 2824 3188 -15022 20384 -32091 3157 23852 -51259 -16497 38169 -15584 -50650 7170 16964 2214 19983 -40991 -13556 -1226 -22759 -6840 62434 5934 -15172 
-33137 -20607 853 2365 -6494 -14173 -51513 15536 -77857 -39349 -8127 -56173 12002 -3386 5796 -29406 -27751 33875 20040 50985 53435 -11164 14694 -27898 7893 25641 -15176 -7683 -7168 16585 19488 -38442 20226 28031 41112 -14147 -16163 13785 -69958 33063 -8373 -15271 5962 -23784 -10512 2838 -13777 44497 12623 34686 -3671 19155 -32176 -24497 -10991 3898 -11800 -3761 -8754 -41933 
-57787 34530 -26810 -7149 -17800 -4448 18589 -837 24403 7374 -31615 -82643 -16212 -18368 10924 -31719 -27342 2941 -19027 510 8083 4460 33542 -8246 26291 -17908 -39615 19071 -17071 13746 5208 56908 -7857 -1260 3173 14121 7329 9642 -13126 -5302 -24907 11600 51039 -12188 27026 29410 -14224 -7257 12069 32478 -34659 -2678 16304 3183 -45508 197 19164 7381 -8065 1128 
8129 -8214 50168 29696 9626 6767 18432 -24881 14777 -2772 67158 18257 -6962 3122 -15795 21230 -7739 -33126 -4568 -2307 -10974 46748 -1506 27782 -23014 18368 28745 14255 -28735 -63043 -5476 28474 25938 -8744 -8723 -50298 -9174 -23292 22386 -26514 51846 1471 -2893 4026 -31749 -7409 33243 -15530 -1277 7529 -5143 -20298 30464 -21682 23232 -5214 -23545 -34280 10839 34930 
-15184 -1962 51634 4388 16665 -35397 -22055 -32096 13625 27792 38875 4816 37974 20834 -22639 59537 -5288 5161 10297 42094 -22081 -987 -4909 -18166 -48923 216 4611 10387 -14719 -15931 17929 -34488 -31391 993 -13203 6075 -12769 -7148 25650 -23874 10650 61403 -11091 3939 2435 -42388 17278 17330 -35228 -36434 -18290 -57959 16789 -57148 -1558 -33727 17973 -20685 28091 -36337 
10619 -26250 32693 -5406 14562 -5141 -36672 -9423 -23043 -1786 65377 38334 43272 38083 -8801 -6467 27824 -18099 -4123 17496 13979 23391 -12988 3166 -6576 -18136 74509 -6353 2540 19931 -4071 -14037 -6464 -134 -11661 -39605 -12245 31014 47694 -14686 10617 -4188 -37666 -11864 -44508 -31364 45088 -38392 -29748 -7235 -34715 -15455 11213 -39028 30509 -26606 1903 3175 34352 -16936 
12163 -19830 -22760 6780 26523 -15134 6334 21870 2594 -15358 1741 -17968 24077 -17667 -22548 -32744 7727 -17137 21353 15187 15155 -6161 -55014 -53542 -5769 20931 -25252 -13955 -10532 1380 13115 -29678 -3806 63599 -55914 -4539 7616 -26926 -20713 -5574 -29927 3436 5431 21560 135 -4230 30681 10976 -14539 48969 8389 -51792 8680 -18667 10005 42405 46230 18488 -6735 -23456 
-17068 32913 15924 19442 -16104 22381 -16808 9606 -10997 1414 17378 -7984 32649 -18905 3705 -23479 11973 22726 -8294 13198 -34247 -7954 -17078 -5101 19099 13354 288 -22153 -4053 35796 -15596 -12057 18122 44977 -51909 -5635 4781 -1784 -13638 -1202 -10833 -26643 32147 -4399 15908 28984 -35683 20644 20347 -2165 -19927 -13781 8380 26454 -11269 42725 12502 -26042 8310 -20375 
2317 -4172 19338 -4818 3760 9960 -26130 -35683 -7227 36828 -7555 38768 -25828 28279 11897 18750 65207 5969 -16935 -24347 8391 -6198 -22958 2586 -28084 18541 13751 19687 5082 -27892 22120 -6656 -9858 -143 19700 21306 -5597 -5824 60609 -38898 9512 -8764 -3522 11561 7970 2055 -32907 -23088 8261 -23443 38523 35975 -18150 -3477 17217 -19774 11 -14449 -7153 -3122 
20947 -16303 24250 -14246 37450 6329 -20426 20909 -21279 -11025 11026 4323 6581 -3010 26135 4906 -18648 -3781 23260 34141 7682 -7739 23857 -25261 23405 -11446 -5414 -1218 -3322 -18741 -30870 -7184 -9742 10814 6114 -49455 29972 38647 -13242 11909 7856 17793 -32999 -21823 -41966 -20542 40606 7794 23422 42401 4838 -43840 -2877 -55983 -7968 -33140 -35784 403 6138 16795 
-13845 2285 35611 17270 -57944 24675 -37217 -2319 16837 19304 15618 40003 -4458 -6660 -9330 -2260 32702 -6445 -34917 -29212 -15157 12611 27861 -9960 3850 -32805 8501 61889 9159 19001 4055 -6482 -12595 26253 -7171 -1810 -24232 -12191 47292 -38078 -4114 -35467 -9892 -36277 -9679 38620 -10564 -3850 11650 -21859 14850 33040 -7944 18289 -9067 436 -31449 41889 24925 -1825 
28540 -12047 -29705 -44260 -25678 -7494 484 3684 -25427 -1015 -15933 50006 2543 -4371 -12342 -27509 -2121 -2712 8454 11748 -26592 -3044 -20747 7967 -21623 -37860 -35861 14132 11222 27203 -24795 -450 -46813 -5528 -7401 33268 16911 -2446 46626 21754 20203 -76728 -24743 -24218 -12331 1418 -29804 22007 -3390 -20416 44652 37395 -53101 75647 1616 8199 -18573 21381 20200 8597 
41528 -39058 -10884 -6580 -21161 12382 -14033 3922 14572 -45882 -2186 -3766 -35413 -45795 -16196 -22690 7981 -14484 -11638 -37133 5637 -17520 -543 -26552 24737 10514 -28565 -1322 -54537 7990 53119 53206 -7330 29469 12610 5189 37803 -1685 -1908 -9650 -35638 43415 20784 -25047 -28142 -16968 5684 5181 -32565 12520 26128 -25631 13462 -16506 24065 -12912 20027 33260 2655 34799 
-803 18053 4387 13939 26047 9267 9605 18666 -2747 7447 -18683 -4850 -38236 14287 16154 -35279 -29920 9392 -3870 -8252 33233 -39692 -31088 -39179 5569 21340 -16792 -41368 -2335 14608 9360 1437 -24250 58311 45779 -27688 -21634 4240 -50809 28831 -36285 -3148 -3279 13351 -2441 -2537 504 57857 36692 -28694 6037 -6878 -7325 -47280 -22016 22184 14835 -2139 10668 -41424 
-30427 -33783 -14770 -24900 11894 -36079 10703 58783 -20357 -32660 -34171 25076 -14811 -16005 43496 -30754 66774 9423 -46249 -32750 23503 5512 5999 -10705 -19264 60187 -45615 -10423 8456 -24185 22580 -15777 28387 268 937 2071 22883 -8372 -44569 1625 -12980 -803 -24334 -30702 -39437 3286 -5594 37374 2297 -29719 -18022 29161 -12406 -17251 -17016 -26102 -2330 34155 -36797 23474 
3348 9954 -12822 -19416 20511 -11412 -23373 -68066 24246 -24320 9456 14836 50446 3472 -15524 7524 35852 -12115 54712 32263 -21387 -43336 16109 16591 -34042 -5096 -4295 30582 13039 28156 -13168 14798 3945 -15418 -3848 -4574 50233 -10503 25725 1559 904 17559 -30240 -40824 -6740 6771 -30837 -16870 -5536 -5897 26214 15322 -1415 18727 30313 -52641 -30048 8943 8249 441 
-2987 -19845 -18670 -1425 28033 19918 -31537 27446 -19938 6174 5190 -1813 -44680 -6575 -5511 -42269 -11153 9148 -14412 22667 -33371 -44123 -15890 -26684 10603 -2309 -37517 -15461 -2549 -1953 -38960 -40756 10097 32968 -5797 -2126 -37063 29730 27082 12220 45421 -25533 -8992 3213 38249 -27821 444 3560 -2729 -9740 -4087 -2767 -19528 6580 12559 17217 11196 2538 -18935 23035 
57795 -17957 36493 -837 -26260 -25396 4393 30718 -8341 40933 -32825 34013 -6088 5941 32351 40065 18203 30484 -25190 -31966 27558 -40720 6399 44243 16704 -3867 28250 -44190 72777 13289 5988 -20818 23698 22396 -10716 -2128 4118 -12713 30574 -8497 -1799 -43403 -1680 -358 -46123 3077 -15851 7234 -46519 -60639 23164 38224 21075 12092 -18526 -21418 7692 48364 18601 29367 
11818 9293 29377 -22881 -53008 19329 -27682 11679 -30831 -26210 30685 36622 -52029 -34581 -24444 24467 9833 50668 -30453 -15496 14912 3813 69949 1968 6171 -43486 12932 52319 26763 -14125 16400 -16445 -1319 3107 41441 -39113 51072 39065 1120 5918 -20743 -51068 -47513 -17645 -34647 23297 -36215 42471 38225 -19508 2449 -18301 13284 5427 11660 -31643 -26184 7463 22195 -5998 
8652 15696 25208 -27987 30990 -23027 38442 -2588 6300 12862 69264 -1658 54391 20423 2351 3547 -13316 -20928 3422 27590 3231 52356 -11427 581 -16673 -6295 -17685 8012 -3719 -1247 -29906 -26875 21576 -48411 -40388 -5072 -10224 21383 15275 12055 63358 -60467 -29657 -4503 -293 19540 16025 -12357 14524 -21566 -25949 40780 1628 32171 -26728 -27944 1889 -48184 8364 -17730 
1111 42826 24449 -30080 -3312 58905 64103 -26321 19769 5464 44750 -23014 -51477 -9298 -20057 -9286 3211 -48872 12959 19885 -49401 -8391 -9014 8374 33748 -16176 18185 -15307 -29033 20291 7265 11549 -63829 -15786 16019 -5594 -13195 21260 -20035 43857 50238 26126 -3123 -13063 9201 -14951 -54077 27297 22081 -21363 3933 9896 5991 31750 13882 16562 -3177 7772 -27180 -1059 
804 -7057 -34807 57522 13261 -27631 -16109 33467 -15852 24969 3851 -36129 5882 33105 1214 1211 -33519 9570 16847 -3267 -5692 -3053 -13623 -45040 18572 18005 -20724 13147 -14142 -13879 -34211 12299 3575 31737 2728 -411 19902 8237 32305 -18382 -30452 -19137 32184 -11795 -34214 13748 7733 -12257 -21823 11076 1761 -10047 21851 -23870 -40940 4558 30345 -32421 45403 -8536 
10978 60167 -4794 -4116 -8507 -33807 -16694 -12059 46521 -4671 -29164 -32238 -13690 -5538 31103 -6868 -6750 20646 -9504 -6455 30678 6363 24575 62318 39651 -4536 -10140 -20714 5654 17997 -4342 -564 34148 -24769 -12668 -25103 -7779 21423 -25010 37107 10638 6772 29299 2505 -19424 17097 5090 18808 4040 13279 -12814 25304 25726 -21422 -29479 -2225 -1934 -10782 -12845 24755 
577 5181 32851 -57021 -6708 54170 6551 -19957 24467 -15210 24395 17702 -633 -28446 19773 -14918 15065 -30352 -16987 40 -3484 -11186 20960 1621 19558 -63 -1848 43165 21857 15693 -35720 32852 -34278 -20566 11090 -3566 27734 31573 15467 5574 11564 -6400 -19186 -11605 -37287 1917 4823 28115 31509 1332 8989 -20623 34730 1803 -38360 -37401 17321 -192 -5390 -31042 
-25672 -2330 -20073 -9831 -46377 5303 61171 15554 7706 -9837 24165 -21555 -46619 -33930 2166 -32837 -472 -16436 -3942 9351 7985 -12356 -7076 45478 13379 5023 -12449 -30899 8498 26162 10220 1059 11887 9224 -17868 51858 -44215 -56846 -21585 47150 4002 -29589 -13813 36207 51837 -7688 -64297 -16028 4721 -20030 2828 28061 -20064 16506 32993 7846 27581 -13024 -19131 3190 
-4932 25973 809 48550 20139 16452 -945 2319 -21538 13235 -10026 -41537 -51673 -13562 -10894 -10018 -3085 22812 1868 -45917 -14128 -1275 14368 -1951 59546 -24602 6211 11722 -36353 -24872 10177 37837 13199 -10606 5620 -41797 21942 20096 -6486 -21236 29621 -2682 11434 -1878 39914 -1285 29803 45601 -19928 2360 -44920 8235 -26358 39020 -5560 36788 -48131 29335 9646 45587 
-10699 -19719 -58308 -11842 -26427 21298 -2985 22340 19292 11711 -27359 5899 67232 21517 42265 25846 28077 -8303 -14786 -15900 12951 25130 9411 -18840 -30578 18450 17148 -19277 20697 -35542 3573 -19262 -20111 -36850 43466 2240 -71797 -26770 2535 -7255 5134 14633 -1772 -25048 -4447 -32 29443 -22983 -46187 -25492 -46925 -11319 14177 3213 -25294 -7579 -10123 14815 -19683 -961 
-18925 4700 -6663 31945 39944 4244 -23258 40575 -13326 -36733 -40387 25483 -525 -7719 -3219 -27987 -18832 -7748 -18811 11439 10427 419 -15615 -9073 -28626 17871 -13269 -7337 28013 -15 -11933 -24971 4447 15835 2747 -45138 -20559 23385 -37352 52347 1139 10881 6741 12244 10008 13617 2933 -8099 14162 -10962 46285 32965 -7218 -9806 23938 13503 11619 -2050 -18822 -9549 
-14825 -16721 -21076 29260 13744 42719 -82493 46530 23241 924 -24129 -37283 -2768 -13426 15334 -65026 -3148 9057 -21905 10618 -22282 -5729 -17816 -7561 3698 29732 19530 27898 -7062 -14057 -38004 -27066 -28641 47545 2627 -43427 -38763 4484 7702 -4044 14510 24120 19683 1186 9001 -11951 -4739 -13471 -47660 18282 26869 -34955 15823 -31511 30569 33487 -11574 -24236 -45661 64061 
25244 8854 19341 -2137 -41433 55546 16770 -49904 16042 -17746 -33018 -26398 20450 -20119 -36566 -38318 -12992 12964 10063 4641 -37892 26137 -19547 23303 4403 -40513 41702 1545 -18988 21785 5415 5577 -46639 19708 23075 -26668 -22446 50979 7626 9958 -9133 15188 -16809 761 3617 34830 4843 -9828 30081 28905 4231 -23852 4820 7402 10416 32008 31801 -21349 -21032 -24255 
-16106 -16276 -32523 -37214 -4710 -18531 -33016 38993 -70745 21140 -6126 21965 9127 26997 49833 -42970 -40213 22029 -49755 21561 -1327 -19006 17699 -61485 42 58901 -41658 -5382 7330 22044 -17747 22749 -1616 -13251 -21258 -23515 8869 -13489 13420 31098 -26558 -39996 151 -48547 -27926 -28412 1278 10106 14551 -8309 -33984 -453 -26379 -41802 -33000 -42818 20050 -44867 18291 16228 
-3437 -33250 -19247 -14568 -52307 -19083 16317 -6206 -24149 -17755 873 -22686 -9182 25257 41387 -21728 38962 25290 -9523 -23714 39653 1022 15387 -9407 -41408 -16650 -18974 25816 15940 -3142 -8462 -8897 10317 -22047 43656 30775 -12400 -29860 17070 -37478 4482 -24959 -17950 -24520 -2874 39967 -25830 -43481 10728 18318 -25877 21942 15524 29821 12663 -39421 17877 -7441 18284 -6207 
-35338 -9849 -28893 9467 -15101 82812 -7562 16515 -22953 -13796 40522 -41040 -34475 -9982 15278 -17361 -22543 11033 -18033 -21097 1739 45440 -5674 -21605 50609 -15347 16730 785 6438 -15158 -9533 29227 -54061 11666 16257 18225 -16024 -7103 11492 4632 -28778 6183 4698 3536 28408 38996 -7960 -31767 24973 36484 30668 -43883 -13725 -3908 25118 9043 13059 -18067 4029 17604 
-35836 1771 25479 30338 22979 -15636 13389 -27436 -13405 -26092 -39821 -54704 0 7171 3393 -40277 37104 -10822 6841 14109 -28730 -27506 -53972 -8433 27112 -39708 26025 27535 -5860 57663 -29652 -27496 -49131 1539 -8719 -48426 34584 74221 -27527 -6841 -1484 21309 615 45085 -11911 -7533 21352 -5846 -29797 13658 26924 -23388 -1443 -1143 12200 -12388 -15545 -31318 -7036 8170 
18053 9300 -5469 -6165 -26759 -9532 -8345 23969 19655 33651 54702 -11312 -14912 8708 16336 2542 -16716 -29881 5542 47536 18062 4203 31801 -11343 6011 -64055 1427 -17422 27354 21934 -32488 -5675 -30188 20563 -49164 10105 -10413 -12470 13304 37944 -8005 12886 -20737 -24166 -12830 -18329 -8696 -864 -8005 10764 20348 -17260 34348 -22014 -1269 3659 9726 4602 -11250 25056 
-46660 -4234 -11608 -9095 -7518 19029 20178 -10838 2502 -4035 -36252 -19381 12358 6137 -8371 7932 -20836 8928 -31054 41617 25705 3449 -8896 -16278 -42801 21304 -5099 16254 39278 4786 -40103 -671 -16838 -6979 31795 -12018 -115 17065 -29568 -4972 13715 35303 -8836 46877 1898 11584 -7480 -30152 18247 -28769 1543 -17031 26467 29776 36476 -45980 48649 -10593 -53697 -34595 
28780 -14365 -19939 16868 -26468 -547 4330 -15937 44701 -10452 -30845 26808 43089 49534 30151 27410 10000 26875 -24830 -11816 -42000 9981 6740 -24609 -20620 -8812 2098 23334 27639 -17856 -34731 26456 -4894 -40156 11941 16532 6030 431 44528 -10589 -42014 -5716 10439 -57691 -16787 4564 36004 -27447 -35008 -1748 -26673 6635 19785 39863 -9088 -2349 44859 71158 23204 29671 
6465 -50856 10348 -28490 -1345 14235 -21044 849 -46521 -52754 -52267 22586 -13805 778 4830 10633 -51121 34708 -11819 -18990 34010 -17389 -43663 9534 7828 20985 -11802 -54170 15628 -2458 6440 -1840 572 15577 -13870 20438 -13032 -2772 -18794 1851 -20399 13470 14104 15251 20324 -4170 38595 857 -4433 7826 12457 -10152 -35684 16781 25826 -41680 41099 15824 18276 -4553 
42636 3952 5779 -44254 -11480 -9252 22193 -4326 22514 11056 5699 78214 -23202 -19772 -28725 -2889 5449 -10064 10127 7436 -856 -16376 5313 -29765 -10767 -18921 9339 -5932 16401 13017 16763 -29279 -21550 -54546 -7307 6749 -14493 16928 5768 38889 41912 -12548 -22295 5891 11154 -7830 -32744 19069 -1963 -36602 34445 22893 -6329 31372 2715 12375 18444 6364 4066 -24702 
-16395 9714 -25909 19025 -28143 17206 -10911 -2802 -54737 -24446 29057 -37605 -28151 -3207 -44283 -13828 -11100 -12513 13460 -20616 -3210 -36968 33042 -35447 26979 -16411 23997 -36975 -1862 32677 -15259 42088 14463 38443 28664 3381 4817 10116 -8638 14419 -26709 9848 13361 -18986 -12517 -12903 -11435 8211 -2338 26477 -19440 -36816 14768 -11073 17201 -9181 3827 -14458 26250 11353 
-16952 8820 8347 29429 -5787 29700 46147 5183 -22254 -8917 28640 7291 33384 17288 37104 -6725 9794 -11313 -25502 -13298 4084 46548 -15165 -8528 28528 -36151 17959 7927 30417 -14432 -18771 -33241 -24235 -11783 45105 4504 -31173 5017 24981 8503 8295 -55984 -45635 21816 -18687 -794 5147 -7330 28078 -69180 -12268 21731 4236 -2229 18078 -20632 -6689 -1118 11661 -63928 
23414 -23290 10188 34313 47933 -7395 -12579 -2996 -3174 -17024 -17277 -10246 54246 39583 6606 18943 12030 -13488 34725 60404 31125 28073 21155 -2779 -43854 -53777 -8329 -16010 8329 -15000 11608 -55345 18171 -44519 70756 -36974 -19530 23943 -47976 3998 11150 41391 -2731 -1265 -7055 2896 56475 12865 -15771 -53717 -21490 -3789 3476 -50477 -12244 -17657 -13287 -14850 13274 -16677 
-22495 17299 -15519 -5473 11495 -6147 -17309 3527 -20316 -11815 22836 43807 5150 -34899 17938 -34335 -5259 4258 -32471 -9482 -34385 16047 8926 10766 4793 48560 3509 2864 -26918 -17398 22632 -2372 10444 -25226 -22464 -13094 -6545 -1887 1880 13580 -12934 -7555 21854 -3032 -11681 -2233 -22825 24152 -77 23734 -33748 -6005 -30517 -6292 -6884 28451 -13703 -2283 -4209 31068 
-20657 -18040 1833 33908 -20721 -15179 5094 22058 -13327 46342 10471 -36465 3317 -15974 -17118 6875 -35854 14200 -6800 2185 -37799 11351 10928 -23253 1746 -65510 -32258 -9288 -23839 -4863 5900 -27969 -33167 37110 -7481 3365 1868 -31622 -12590 -15786 -19304 22858 13345 -12782 17124 7661 7401 30564 -16409 28798 -3104 -43917 6744 29033 -33971 49750 -10143 -4971 7710 19718 
36149 -37510 -6169 -27941 -6194 41677 -6495 11652 20296 1053 -15405 -16104 -47084 10961 -4281 -18737 13931 14330 -27761 8074 32285 12753 -17417 -17552 -6845 -23676 -9313 -12275 -8020 21849 -4098 56274 -18386 -1162 12987 -21003 4196 5382 -10003 25532 15353 24645 32975 46351 13914 -11215 17103 -26116 602 17167 41500 -10666 -26899 -604 31036 16649 33007 23177 -40625 35913 
19925 37122 22766 -17184 -1476 32077 46433 6062 1714 24729 1693 -3534 36740 -11381 -9790 -4785 -27639 19196 18142 3412 17293 5702 18699 40410 26953 -16325 -18503 -42875 39032 44748 -43221 21473 9744 5536 -23985 -3931 31388 14762 -20803 45689 34714 -1560 29768 -14092 -39247 29289 -23526 -14927 48671 -39099 18516 37898 11692 36075 7249 -23611 13750 -7506 -12850 -27278 
