40
-11181 41796 861 60596 18076 12883 -3974 -8226 349 24787 13952 25572 -39880 -15377 -1973 10823 -32645 -37070 -332 -23637 17420 11197 -11010 14195 25220 -23695 13403 -7156 -1603 -9634 26720 21265 -22327 -2089 28485 -19007 23093 36265 -6083 19499 
9411 -4336 -16724 13319 -7095 10951 1344 6181 11594 -6109 -11606 13431 25945 19136 -5634 -36488 2389 -11541 -2662 10314 14424 -29325 -46832 6025 28793 1427 8042 -46117 17759 -9515 36006 -9694 -18908 28690 -79 16813 -7587 -3319 -52484 15358 
-7417 -22079 1847 -53807 -30843 13700 29545 -1450 -2739 -52663 -14282 -14497 -7654 40066 3177 -49730 24454 -20352 732 7286 8747 6503 11776 7164 -27262 -13327 -8284 -13361 -11065 -4398 42459 -3800 -9694 11173 14435 23699 -10564 13742 12588 1697 
904 17306 -5995 3823 -3389 16916 12597 -34899 12076 10378 -2573 -11048 18519 6727 26375 -32665 30060 -11316 22885 -30468 -7002 -2425 -20423 -8177 23908 -2354 9917 13366 -20447 -8707 26375 12500 -24046 14952 15120 1798 14979 -8165 -47285 -8246 
19510 -15229 30117 -2384 -5538 45908 -11217 14959 10382 41324 7837 14593 19247 22721 34993 14829 17473 -3528 42862 -33685 22700 -34880 12567 -7338 22249 -8960 21605 -19029 34888 5733 34395 14262 -39351 -1843 -12966 2552 -3354 -34899 -37213 -5847 
19958 33679 19777 -20223 -2515 3291 -17849 -18021 15172 -3606 12387 25357 24086 15283 -16009 259 20632 51624 -22823 -37347 6039 -12264 6028 26531 2019 13078 -17576 2718 -17793 7150 -18442 -39531 -20840 -35622 -31585 -32249 13806 -43412 -13016 -45073 
-18736 5631 9500 -6315 6674 -3790 -432 -27147 26882 44530 23530 -41698 14587 16657 40210 -27086 4325 1262 -8107 35132 -20183 -4563 23353 -35497 33903 -18929 -8934 14580 -14044 -15253 -19867 11278 5865 10604 23790 -16234 34203 -19904 -1005 9792 
9991 1051 15499 15788 -5975 -48778 9068 -24111 10555 7691 15308 8808 51880 449 -14778 12562 2262 27369 -13002 -25120 -7441 18289 14448 32405 -36958 30923 -53189 34101 -15268 -7482 -9966 -30759 8408 -19227 -16515 -12785 -2923 10273 12282 -46187 
661 11289 5185 -32771 18433 -4669 -23644 2686 -11209 7626 -8674 -2335 -10687 -12989 15826 24306 11739 18979 11133 -10572 -2426 18886 -21733 24863 22970 -18401 39422 -18480 13073 -15610 -1332 -6738 18219 -2174 10083 -34918 15665 17160 45661 -3703 
15252 12901 13645 27792 -18567 18253 -11905 -12073 51606 -13243 -1891 25737 17570 -6709 -41223 11356 -21605 48120 -14965 -18639 -1838 -34789 679 5496 1498 28288 -12940 2554 -15342 23694 -32941 -17244 -7621 -23182 -18470 -33504 1504 -5200 24001 -8372 
-10475 -33785 -13152 -8985 -24 16079 21337 -1696 10474 13443 -21739 -25827 24379 -2860 -18314 20908 -1234 -14976 -11870 1842 -7341 23538 -30479 -5903 -27589 -8925 25480 963 -51097 4569 -36927 8117 -20797 -4784 6622 8427 46946 -49968 -1026 -2966 
14582 1848 18204 7454 -24011 13119 -35800 -11254 -1441 5747 -6507 -14303 9389 31000 -10876 -17870 36644 -32355 5736 -25378 11827 -51076 1770 1439 -7497 5730 -285 19689 -46394 36170 7007 -17901 -49893 -44429 -18147 15720 -11553 -11127 -25133 -1404 
4851 -26414 -18274 23136 2869 -2647 8308 5740 7018 3773 24399 -10321 5693 27 -14572 -19006 -6725 -34735 -2402 26423 29805 9827 9811 10898 20642 24853 4496 10137 -17279 -5124 -6822 8648 6567 -15572 22460 12590 15422 21576 -31271 12622 
-14422 -2786 -16888 -8271 7512 5663 14626 -47739 9901 -35378 570 37147 10400 5168 -23697 3379 32354 24586 7556 -14917 -11177 939 23904 16032 -14569 15770 14801 5872 -8213 -414 -27104 6187 -5645 16638 -14554 -19774 -36043 4803 -10906 -4504 
-32546 458 16795 -3711 15816 -33749 -23462 44617 -21437 17537 3581 -13639 -18068 -20363 22448 23233 11686 19292 8083 -1536 -2242 635 6228 -9170 236 -15332 -44457 19110 16428 21062 27296 -30111 25996 -4184 -11290 -26691 2793 -27049 -11958 -12821 
-17611 17580 378 -16252 19041 -8075 -11307 31486 -42258 -4917 1935 41216 18954 -1656 -5817 53034 6587 18202 14742 -6205 -959 2412 -11794 31624 -51913 2317 -42241 29577 -18253 35637 1812 -20931 11361 -19400 -4958 -4941 400 -11205 8129 -32894 
16983 -14025 -24753 214 -23301 -17743 -14001 -7018 28009 -22766 -1165 -11411 -8484 9554 -24190 45572 -31231 -534 -2178 2050 37796 19770 9631 507 -25506 1200 -9042 -2173 13651 19772 -13166 -7736 -23911 -19936 10098 2606 -17041 24335 -28942 -20528 
8629 -17544 -5338 39717 26273 -15971 -14995 294 2669 -17334 21434 -16370 12281 -12284 9519 -551 9239 -17559 19180 -9807 25201 6708 16204 34237 18729 -15937 22850 2510 -4483 863 13103 4736 -42891 -14820 -3216 15983 6925 4306 -35795 -51781 
45970 10962 -6450 15190 -223 7797 -22071 -18273 18585 -11888 6569 -5786 -19230 -24647 6782 21153 10135 -17589 11142 16485 -25310 -8329 -1484 -14905 3199 4212 44910 -23504 36839 -1642 891 25819 3192 -27416 -17386 -36369 -1116 15521 -19964 -8801 
29977 24638 25387 6243 -11488 -8477 -17549 -35951 19800 20997 8977 -36403 -42512 21878 -12264 -21707 9775 -24907 -1685 3363 -37415 -13985 -7159 -66809 -11614 4698 -10916 1102 -9910 -3452 -1682 -12805 -22057 -5418 -30696 5303 -10821 15996 18601 44718 
1148 26823 1263 7023 5623 -25725 20678 29485 10122 10481 -41227 10562 -19816 25643 5977 -4088 -50740 -29594 8512 28017 -13604 -34219 -25249 -22016 -23157 -32451 -25647 -4626 26020 -24067 13734 5991 5050 33250 19139 -6242 4623 30966 14156 37846 
-27921 -15959 58405 -48798 -25354 36 9619 42724 -25711 -34798 -43303 -24332 -12816 12377 17453 -13928 -23731 21085 13988 24920 4491 -12424 14063 35802 -490 5932 -18193 -4488 -21541 -17264 6086 18404 11381 -12856 -6239 -7740 -16185 23276 36945 6353 
-24980 17632 -10024 -12901 24483 -33613 -26409 34518 -44642 -6245 -14199 49342 12771 -23482 -21008 3216 -8558 -6237 -632 24679 -2177 -16882 1223 11905 -17831 -6880 -14942 -13977 15047 20992 -77 -36946 46038 -12019 9770 -21570 15757 -14319 35621 -16701 
20654 6498 408 10651 22284 -12515 -1383 -21632 -24696 15112 27475 -8352 -3666 -19085 -20547 -19431 3276 23063 -3616 7709 -15573 11511 31296 39396 -5032 11623 11646 -7245 8157 16722 -13861 2032 -3204 -487 -1357 -531 -13559 -507 32874 4029 
-7854 -10909 4413 -15235 22790 -15232 3961 18333 -16515 28026 -18567 -31681 19843 -33307 53319 -17837 13186 8089 22357 11366 -13471 17240 21741 -14142 26144 -7297 -18981 13165 -8145 15374 14853 5370 25480 20252 28449 -16391 39929 -19376 -589 -25718 
36927 397 14567 3313 -60409 4524 10756 -4667 55291 -10775 -833 -8699 -6854 30157 9490 -7133 -25031 -33527 -14852 -45602 19621 -4544 -13048 2661 -4203 3900 -19514 1705 -30210 -17516 35337 6267 -31538 1850 5036 42145 -11521 36435 -15468 12233 
21734 -4602 43783 -34631 4830 20803 31133 -36391 1228 36450 135 -4382 -16549 23546 26391 -74306 -33128 -52190 11453 47106 -927 29324 27036 -23775 11828 -14758 -29614 -34849 1939 -32215 38618 5580 9028 21695 24895 5905 45519 -3321 20687 62480 
-5543 7943 19738 450 -28100 20377 14186 3977 49259 -7856 20305 -1622 11752 16099 -16009 -19744 7451 49470 -24230 -23669 -5800 -11524 18344 23585 -2989 23580 -17766 12460 -14804 -26003 -24127 14910 -8036 4473 3706 -6861 2254 -21517 39458 -3088 
27440 9514 -12936 -27576 -14248 -2192 4402 -13267 1305 27830 16971 -433 50132 20501 26873 -9296 -35624 -2668 29826 -12977 5328 3899 -6872 -23749 -16295 11670 -11821 -1210 31645 -9314 18236 -19037 4636 20366 41510 74886 6874 -6101 24740 -3791 
-23480 4718 -3402 41098 44101 -24531 7882 29692 25417 49589 -2773 -20928 -17912 -7444 33114 1537 -4927 -25184 20269 4282 19814 8689 -9596 -5046 46525 -52786 2371 2044 12623 -14503 24286 27279 -19931 39451 28210 -1202 12820 9446 -59419 12480 
15169 109 17812 -29167 -36027 11771 2630 -4979 -9445 5677 24658 2603 -28527 10882 1854 -37154 -3659 14892 7413 9732 -6986 29717 -12893 -15686 -19236 16909 -12038 -14796 -25866 2948 16527 -30070 4264 -15655 -16085 29382 9069 -737 41094 5862 
11056 -15747 -5940 -9926 -11934 -2279 16816 -20960 -1367 24049 22773 3067 -5961 -20063 11630 -12561 -7536 -3579 11346 -5280 16152 -2861 15942 -24376 8846 5257 6781 -34969 43211 -576 31258 -20813 23222 5094 -6163 12444 -2673 -16524 10342 28641 
5352 22966 22099 -8208 29254 -5685 14096 33552 -40581 4432 -9738 2555 28705 6926 -6228 -10508 6607 4091 -32953 27009 -31319 12939 -14884 16826 -4418 11525 -31163 682 -6287 8587 7958 -13113 21133 15760 -20686 -5649 -12549 -1435 9325 840 
-6682 -6891 -11427 13873 32821 16400 12693 46598 16919 -12396 -22189 30984 -12393 999 -20624 -23178 10012 1711 -10528 426 -10644 -25051 -35048 11606 -2389 -32049 4192 -4896 6741 -40670 -5745 -30990 19530 20325 19024 2014 15602 -19159 37842 -6746 
-2554 -24805 -10541 19806 -25 -28769 16456 -17138 -34391 -6597 1840 13354 -33409 -31458 -33698 -20732 7989 -3925 -15816 18945 -13764 18887 -30188 4074 10499 -8233 21168 -11688 406 407 17755 -34 -4608 -2950 -31686 840 -24764 -11114 -24718 32589 
30948 -985 -14257 73096 5694 20147 5998 -9224 66697 8102 -2669 -61037 -26040 -8264 13517 -43054 5129 -19634 27298 -3298 -13587 -15948 1448 -40170 22446 -5753 23926 -6208 4879 -12168 1075 52806 -44748 32013 10503 8124 -9907 14845 -51280 2881 
-7262 -13684 -1664 -6163 1092 -6118 9039 -37243 9426 10231 -17135 22142 47712 -3568 19001 -11423 -23035 39583 45849 -2279 25022 -9763 43422 29258 8887 30373 -9546 -4887 -24304 25838 -32402 19581 -20224 25750 12860 -31265 16833 3215 -6359 -16199 
-23045 -4327 -1955 3223 2298 -5188 -7811 5719 -1584 -11939 14508 -16041 17017 -5419 -9340 -34392 27848 49996 -14876 4121 -18367 -6297 -5859 -15238 11721 24590 1432 18000 -24130 9 -27430 -24994 23538 1861 -32336 15365 -7954 -33331 14005 -36369 
-13544 -12030 19406 30824 40724 8975 -12305 30291 -26384 39079 -37334 -9674 10775 -47352 2245 24693 -7160 -8967 -3754 12123 -16760 -9434 -15572 -2072 32312 -25218 -19697 2044 -4199 33818 7886 -2946 12782 -31588 -369 -28167 20420 -28684 -39178 6239 
-3027 46471 -1377 -27961 35297 -17220 24479 -389 -11811 8009 45591 11782 10825 17640 10881 -14155 5826 35309 14623 39341 -18249 12750 18700 -618 22507 21236 33100 -10607 35033 -15369 -35671 5900 4931 33631 -25229 -13583 -272 -16435 -7267 32890 
