10
1777 6351 3687 -1130 18342 -14518 3623 -7055 4380 -3683 
14812 -16029 -2062 -3336 -19 -2964 2510 1259 -7041 21016 
83 -451 2634 -4483 14141 -17336 4728 -7713 -3152 3153 
686 -23697 -23953 9389 -11655 23497 -3211 -8903 3682 19401 
17962 -26269 -9965 -427 -984 635 -13214 2860 -8552 24912 
-7179 3399 5086 -3751 2866 -1665 9650 -5637 7599 -2486 
1318 4785 18471 352 -6539 4025 -12694 22317 2607 -6218 
21624 331 4412 -1808 2030 -32115 8243 -10080 -23510 16297 
-18899 -1801 9006 -5284 -8576 6951 -3150 -3327 77 -8229 
-796 -6146 -15728 4939 3394 1469 3134 -17101 -3731 4699 
